1     0.003099 0.995501 0.995458 0.010532 0.986761 0.985468
5     0.009788 0.985791 0.985654 0.010524 0.986761 0.985468
10    0.009732 0.985873 0.985737 0.010432 0.986876 0.985551
15    0.009680 0.985948 0.985813 0.010371 0.986954 0.985628
20    0.009912 0.985611 0.985473 0.010621 0.986639 0.985284
25    0.009755 0.985839 0.985703 0.010459 0.986843 0.985517
30    0.009778 0.985807 0.985670 0.010484 0.986812 0.985484
35    0.009797 0.985779 0.985642 0.010508 0.986781 0.985455
40    0.010027 0.985444 0.985304 0.010757 0.986467 0.985113
45    0.010094 0.985347 0.985206 0.010830 0.986376 0.985013
50    0.009830 0.985730 0.985593 0.010547 0.986732 0.985405
