
 5    :  0.000000  0.000000  20.377524  -8.507316  0.637549  6.494771  -7.550315  18.427265  0.000000  0.000000  0.007677

 10   :  0.000000  0.000000  20.388017  -8.507779  0.636755  6.500958  -7.557020  18.430144  0.000000  0.000000  0.005202

 15   :  0.000000  0.000000  20.403098  -8.506689  0.639927  6.505080  -7.558317  18.434812  0.000000  0.000000  0.005198

 20   :  0.000000  0.000000  20.383169  -8.471655  0.641752  6.483190  -7.550093  18.398196  0.000000  0.000000  0.004969

 25   :  0.000000  0.000000  20.383961  -8.503409  0.639031  6.501335  -7.558683  18.422436  0.000000  0.000000  0.005199

 30   :  0.000000  0.000000  20.380297  -8.501347  0.640451  6.497690  -7.555275  18.422225  0.000000  0.000000  0.005210

 35   :  0.000000  0.000000  20.374655  -8.502272  0.639810  6.497720  -7.555693  18.417164  0.000000  0.000000  0.005206

 40   :  0.000000  0.000000  20.351585  -8.465934  0.642039  6.485555  -7.543365  18.380941  0.000000  0.000000  0.004975

 45   :  0.000000  0.000000  20.350692  -8.462841  0.638955  6.468594  -7.543276  18.370826  0.000000  0.000000  0.004855

 50   :  0.000000  0.000000  20.366591  -8.500391  0.639236  6.497943  -7.554381  18.411659  0.000000  0.000000  0.005208
