1     0.000000 0.020000 -0.060000 22.040000 -10.050000 2.030000 7.970000 -9.030000 20.040000 0.050000 0.010000 
5     -0.000000 0.010000 -0.140000 21.940000 -9.960000 2.000000 7.950000 -8.930000 20.000000 0.020000 -0.090000 
10    -0.000000 0.080000 -0.070000 22.060000 -10.100000 1.860000 8.060000 -9.100000 20.080000 0.010000 -0.100000 
15    -0.000000 0.170000 -0.110000 22.020000 -10.020000 1.840000 8.120000 -9.020000 20.030000 -0.010000 -0.200000 
20    0.010000 0.120000 -0.130000 22.070000 -10.080000 2.010000 8.130000 -8.850000 20.050000 0.060000 -0.210000 
25    -0.000000 0.270000 -0.350000 22.000000 -10.150000 1.870000 7.930000 -9.220000 20.050000 -0.160000 0.080000 
30    -0.000000 -0.030000 -0.140000 22.050000 -9.870000 1.950000 8.160000 -9.120000 19.780000 -0.030000 -0.190000 
35    0.000000 -0.010000 -0.040000 22.020000 -9.970000 2.060000 8.130000 -8.980000 19.600000 0.020000 -0.130000 
40    0.010000 0.130000 0.090000 22.250000 -10.110000 2.100000 7.780000 -9.070000 19.950000 0.300000 -0.010000 
45    -0.000000 -0.220000 0.050000 22.060000 -9.830000 1.960000 8.210000 -9.230000 19.930000 0.210000 0.060000 
50    0.010000 -0.200000 -0.250000 22.220000 -9.830000 1.840000 8.020000 -9.010000 19.990000 0.190000 -0.280000 
75    -0.000000 -0.150000 0.360000 22.460000 -9.990000 1.830000 7.860000 -9.230000 19.870000 0.430000 -0.120000 
125   -0.000000 0.030000 1.060000 22.080000 -10.420000 1.810000 8.200000 -9.580000 19.300000 0.020000 0.000000 
30    -0.000000 -0.030000 -0.140000 22.050000 -9.870000 1.950000 8.160000 -9.120000 19.780000 -0.030000 -0.190000 
60    -0.000000 0.110000 -0.310000 21.750000 -9.570000 1.670000 7.620000 -8.800000 19.810000 0.170000 0.190000 
90    0.010000 0.100000 0.610000 21.990000 -9.790000 2.110000 7.530000 -8.910000 20.530000 0.300000 -0.820000 
