1     0.000962 0.998604 0.998589 0.000451 0.000451 0.998676 0.998676 0.998639 0.998639 0.998676 0.998676 0.998639 0.998639
5     0.000914 0.998672 0.998598 0.002272 0.002392 0.998666 0.998596 0.998629 0.998557 0.998617 0.998666 0.998579 0.998629
10    0.000930 0.998730 0.998579 0.004672 0.005750 0.998629 0.998312 0.998591 0.998266 0.998391 0.998464 0.998347 0.998421
15    0.001004 0.998630 0.998370 0.007169 0.009064 0.998597 0.998226 0.998559 0.998178 0.998464 0.998501 0.998422 0.998459
20    0.000845 0.999134 0.998895 0.010482 0.013447 0.998476 0.998045 0.998434 0.997992 0.998338 0.998411 0.998292 0.998368
25    0.000558 0.998918 0.998521 0.012764 0.020566 0.998501 0.997585 0.998460 0.997519 0.997920 0.998114 0.997863 0.998062
30    0.000546 0.999076 0.998634 0.014814 0.027803 0.998551 0.997280 0.998511 0.997205 0.998064 0.998205 0.998011 0.998156
35    0.000503 0.999132 0.998601 0.018134 0.036539 0.998479 0.996936 0.998437 0.996851 0.998033 0.996936 0.997979 0.996851
40    0.000283 0.999559 0.999212 0.022593 0.055738 0.998358 0.995949 0.998313 0.995837 0.997487 0.997533 0.997418 0.997465
45    0.000525 0.999327 0.998653 0.024202 0.072020 0.998444 0.995369 0.998401 0.995242 0.998294 0.997617 0.998247 0.997551
50    0.000985 0.998416 0.996481 0.027928 0.165374 0.998360 0.990291 0.998315 0.990025 0.997400 0.996789 0.997328 0.996701
75    0.000141 0.999789 0.998630 0.051499 10.317887 0.997984 0.596183 0.997929 0.585094 0.596183 0.996696 0.918185 0.996605
100   0.000001 0.999999 1.000005 0.140953 86.166180 0.996060 -1.408809 0.995951 -1.474955 0.985407 0.995308 0.985006 0.995180
125   0.000000 1.000000 1.000000 0.150111 63.777263 0.996643 -0.426334 0.996551 -0.465502 0.987761 0.881668 0.987425 0.878419
30    0.000546 0.999076 0.998634 0.014814 0.027803 0.998551 0.997280 0.998511 0.997205 0.998064 0.998092 0.997205 0.998039
60    0.000174 0.999739 0.999165 0.038276 0.761565 0.998181 0.963807 0.998131 0.962813 0.995196 0.990896 0.993807 0.990646
90    0.000120 0.999807 1.001932 0.095069 48.787467 0.997077 -0.500260 0.996996 -0.541457 0.991954 0.995329 0.991733 0.995201
