1     3.619533e+02 3.214927e+02 3.599937e+02
2     3.257221e+02 3.130840e+02 3.131516e+02
3     3.109866e+02 2.989501e+02 2.994225e+02
4     2.968724e+02 2.854775e+02 2.861842e+02
5     2.835615e+02 2.727795e+02 2.736871e+02
6     2.710195e+02 2.608188e+02 2.618979e+02
7     2.591999e+02 2.495529e+02 2.507748e+02
8     2.480610e+02 2.389416e+02 2.402802e+02
9     2.375639e+02 2.289470e+02 2.303788e+02
10    2.276717e+02 2.195334e+02 2.210373e+02
11    2.183498e+02 2.106671e+02 2.122242e+02
12    2.095656e+02 2.023164e+02 2.039100e+02
13    2.012881e+02 1.944513e+02 1.960664e+02
14    1.934883e+02 1.870439e+02 1.886670e+02
15    1.861387e+02 1.800675e+02 1.816870e+02
16    1.792136e+02 1.734971e+02 1.751026e+02
17    1.726886e+02 1.673091e+02 1.688917e+02
18    1.665407e+02 1.614815e+02 1.630332e+02
19    1.607482e+02 1.559932e+02 1.575073e+02
20    1.552907e+02 1.508245e+02 1.522953e+02
21    1.501489e+02 1.459570e+02 1.473794e+02
22    1.453048e+02 1.413731e+02 1.427431e+02
23    1.407411e+02 1.370563e+02 1.383705e+02
24    1.364418e+02 1.329911e+02 1.342468e+02
25    1.323917e+02 1.291629e+02 1.303579e+02
26    1.285763e+02 1.255579e+02 1.266907e+02
27    1.249822e+02 1.221631e+02 1.232325e+02
28    1.215966e+02 1.189664e+02 1.199717e+02
29    1.184075e+02 1.159560e+02 1.168970e+02
30    1.154036e+02 1.131214e+02 1.139979e+02
31    1.125743e+02 1.104521e+02 1.112646e+02
32    1.099093e+02 1.079385e+02 1.086876e+02
33    1.073994e+02 1.055717e+02 1.062582e+02
34    1.050354e+02 1.033430e+02 1.039679e+02
35    1.028090e+02 1.012444e+02 1.018089e+02
36    1.007122e+02 9.926829e+01 9.977374e+01
37    9.873763e+01 9.740757e+01 9.785543e+01
38    9.687810e+01 9.565548e+01 9.604734e+01
39    9.512699e+01 9.400570e+01 9.434321e+01
40    9.347803e+01 9.245224e+01 9.273716e+01
41    9.192531e+01 9.098950e+01 9.122360e+01
42    9.046326e+01 8.961217e+01 8.979730e+01
43    8.908663e+01 8.831527e+01 8.845329e+01
44    8.779047e+01 8.709409e+01 8.718689e+01
45    8.657011e+01 8.594423e+01 8.599370e+01
46    8.542115e+01 8.486150e+01 8.486953e+01
47    8.433946e+01 8.384198e+01 8.381047e+01
48    8.332113e+01 8.288198e+01 8.281280e+01
49    8.236248e+01 8.197802e+01 8.187302e+01
50    8.146004e+01 8.112682e+01 8.098783e+01
51    8.061055e+01 8.032529e+01 8.015412e+01
52    7.981092e+01 7.957054e+01 7.936893e+01
53    7.905826e+01 7.885981e+01 7.862951e+01
54    7.834983e+01 7.819053e+01 7.793322e+01
55    7.768306e+01 7.756028e+01 7.727760e+01
56    7.705552e+01 7.696677e+01 7.666033e+01
57    7.646492e+01 7.640785e+01 7.607919e+01
58    7.590911e+01 7.588149e+01 7.553213e+01
59    7.538605e+01 7.538579e+01 7.501718e+01
60    7.489385e+01 7.491894e+01 7.453249e+01
61    7.443069e+01 7.447926e+01 7.407633e+01
62    7.399487e+01 7.406515e+01 7.364705e+01
63    7.358481e+01 7.367512e+01 7.324311e+01
64    7.319898e+01 7.330775e+01 7.286305e+01
65    7.283598e+01 7.296172e+01 7.250548e+01
66    7.249447e+01 7.263577e+01 7.216911e+01
67    7.217318e+01 7.232872e+01 7.185270e+01
68    7.187094e+01 7.203947e+01 7.155512e+01
69    7.158662e+01 7.176697e+01 7.127526e+01
70    7.131917e+01 7.151024e+01 7.101209e+01
71    7.106761e+01 7.126836e+01 7.076466e+01
72    7.083099e+01 7.104045e+01 7.053203e+01
73    7.060844e+01 7.082569e+01 7.031336e+01
74    7.039914e+01 7.062332e+01 7.010783e+01
75    7.020230e+01 7.043260e+01 6.991468e+01
76    7.001718e+01 7.025285e+01 6.973317e+01
77    6.984310e+01 7.008343e+01 6.956263e+01
78    6.967941e+01 6.992374e+01 6.940242e+01
79    6.952550e+01 6.977319e+01 6.925194e+01
80    6.938077e+01 6.963126e+01 6.911060e+01
81    6.924471e+01 6.949745e+01 6.897789e+01
82    6.911678e+01 6.937126e+01 6.885327e+01
83    6.899651e+01 6.925227e+01 6.873629e+01
84    6.888345e+01 6.914004e+01 6.862649e+01
85    6.877717e+01 6.903418e+01 6.852345e+01
86    6.867726e+01 6.893432e+01 6.842676e+01
87    6.858336e+01 6.884010e+01 6.833605e+01
88    6.849509e+01 6.875120e+01 6.825097e+01
89    6.841214e+01 6.866731e+01 6.817118e+01
90    6.833417e+01 6.858812e+01 6.809636e+01
91    6.826091e+01 6.851338e+01 6.802622e+01
92    6.819205e+01 6.844281e+01 6.796048e+01
93    6.812735e+01 6.837617e+01 6.789888e+01
94    6.806656e+01 6.831324e+01 6.784116e+01
95    6.800944e+01 6.825380e+01 6.778710e+01
96    6.795577e+01 6.819764e+01 6.773648e+01
97    6.790535e+01 6.814457e+01 6.768908e+01
98    6.785798e+01 6.809442e+01 6.764472e+01
99    6.781347e+01 6.804701e+01 6.760320e+01
100   6.777167e+01 6.800219e+01 6.756436e+01
101   6.773241e+01 6.795980e+01 6.752804e+01
102   6.769552e+01 6.791971e+01 6.749407e+01
103   6.766088e+01 6.788177e+01 6.746232e+01
104   6.762835e+01 6.784588e+01 6.743265e+01
105   6.759780e+01 6.781190e+01 6.740494e+01
106   6.756910e+01 6.777972e+01 6.737906e+01
107   6.754216e+01 6.774926e+01 6.735489e+01
108   6.751686e+01 6.772039e+01 6.733235e+01
109   6.749310e+01 6.769304e+01 6.731131e+01
110   6.747080e+01 6.766712e+01 6.729169e+01
111   6.744985e+01 6.764254e+01 6.727341e+01
112   6.743019e+01 6.761923e+01 6.725637e+01
113   6.741174e+01 6.759711e+01 6.724051e+01
114   6.739441e+01 6.757612e+01 6.722574e+01
115   6.737815e+01 6.755620e+01 6.721199e+01
116   6.736288e+01 6.753728e+01 6.719921e+01
117   6.734855e+01 6.751930e+01 6.718733e+01
118   6.733510e+01 6.750222e+01 6.717629e+01
119   6.732248e+01 6.748598e+01 6.716604e+01
120   6.731063e+01 6.747053e+01 6.715653e+01
121   6.729952e+01 6.745584e+01 6.714771e+01
122   6.728909e+01 6.744185e+01 6.713954e+01
123   6.727930e+01 6.742853e+01 6.713197e+01
124   6.727011e+01 6.741585e+01 6.712497e+01
125   6.726150e+01 6.740376e+01 6.711850e+01
126   6.725341e+01 6.739224e+01 6.711252e+01
127   6.724582e+01 6.738125e+01 6.710700e+01
128   6.723871e+01 6.737076e+01 6.710191e+01
129   6.723203e+01 6.736075e+01 6.709722e+01
130   6.722577e+01 6.735119e+01 6.709290e+01
131   6.721989e+01 6.734205e+01 6.708894e+01
132   6.721438e+01 6.733332e+01 6.708530e+01
133   6.720921e+01 6.732497e+01 6.708196e+01
134   6.720436e+01 6.731699e+01 6.707891e+01
135   6.719981e+01 6.730934e+01 6.707612e+01
136   6.719555e+01 6.730202e+01 6.707357e+01
137   6.719154e+01 6.729501e+01 6.707126e+01
138   6.718779e+01 6.728828e+01 6.706915e+01
139   6.718427e+01 6.728183e+01 6.706724e+01
140   6.718097e+01 6.727565e+01 6.706551e+01
141   6.717788e+01 6.726971e+01 6.706395e+01
142   6.717497e+01 6.726400e+01 6.706255e+01
143   6.717225e+01 6.725852e+01 6.706130e+01
144   6.716970e+01 6.725325e+01 6.706018e+01
145   6.716730e+01 6.724819e+01 6.705918e+01
146   6.716506e+01 6.724331e+01 6.705830e+01
147   6.716295e+01 6.723862e+01 6.705753e+01
148   6.716097e+01 6.723410e+01 6.705685e+01
149   6.715912e+01 6.722974e+01 6.705626e+01
150   6.715739e+01 6.722554e+01 6.705576e+01
151   6.715576e+01 6.722149e+01 6.705534e+01
152   6.715423e+01 6.721759e+01 6.705499e+01
153   6.715280e+01 6.721381e+01 6.705470e+01
154   6.715145e+01 6.721017e+01 6.705447e+01
155   6.715019e+01 6.720665e+01 6.705429e+01
156   6.714901e+01 6.720325e+01 6.705417e+01
157   6.714790e+01 6.719996e+01 6.705409e+01
158   6.714686e+01 6.719677e+01 6.705405e+01
159   6.714589e+01 6.719369e+01 6.705405e+01
160   6.714497e+01 6.719071e+01 6.705408e+01
161   6.714411e+01 6.718782e+01 6.705414e+01
162   6.714331e+01 6.718502e+01 6.705424e+01
163   6.714255e+01 6.718230e+01 6.705435e+01
164   6.714184e+01 6.717967e+01 6.705449e+01
165   6.714118e+01 6.717712e+01 6.705465e+01
166   6.714055e+01 6.717464e+01 6.705483e+01
167   6.713997e+01 6.717223e+01 6.705502e+01
168   6.713942e+01 6.716990e+01 6.705523e+01
169   6.713890e+01 6.716763e+01 6.705545e+01
170   6.713842e+01 6.716542e+01 6.705568e+01
171   6.713796e+01 6.716328e+01 6.705591e+01
172   6.713754e+01 6.716119e+01 6.705616e+01
173   6.713713e+01 6.715916e+01 6.705641e+01
174   6.713676e+01 6.715719e+01 6.705667e+01
175   6.713640e+01 6.715527e+01 6.705693e+01
176   6.713607e+01 6.715340e+01 6.705720e+01
177   6.713576e+01 6.715157e+01 6.705746e+01
178   6.713546e+01 6.714980e+01 6.705773e+01
179   6.713519e+01 6.714807e+01 6.705800e+01
180   6.713493e+01 6.714639e+01 6.705827e+01
181   6.713468e+01 6.714474e+01 6.705854e+01
182   6.713446e+01 6.714314e+01 6.705881e+01
183   6.713424e+01 6.714158e+01 6.705907e+01
184   6.713404e+01 6.714006e+01 6.705934e+01
185   6.713385e+01 6.713857e+01 6.705960e+01
186   6.713367e+01 6.713712e+01 6.705986e+01
187   6.713350e+01 6.713570e+01 6.706011e+01
188   6.713334e+01 6.713432e+01 6.706036e+01
189   6.713319e+01 6.713297e+01 6.706061e+01
190   6.713304e+01 6.713165e+01 6.706086e+01
191   6.713291e+01 6.713037e+01 6.706110e+01
192   6.713279e+01 6.712911e+01 6.706133e+01
193   6.713267e+01 6.712788e+01 6.706157e+01
194   6.713256e+01 6.712668e+01 6.706179e+01
195   6.713245e+01 6.712550e+01 6.706202e+01
196   6.713235e+01 6.712436e+01 6.706223e+01
197   6.713226e+01 6.712323e+01 6.706245e+01
198   6.713217e+01 6.712214e+01 6.706266e+01
199   6.713209e+01 6.712107e+01 6.706286e+01
200   6.713201e+01 6.712002e+01 6.706306e+01
201   6.713193e+01 6.711899e+01 6.706325e+01
