1     3.619533e+02 3.285873e+02 3.587596e+02
2     3.369833e+02 3.243506e+02 3.255369e+02
3     3.265459e+02 3.143380e+02 3.162476e+02
4     3.163447e+02 3.046250e+02 3.069854e+02
5     3.065240e+02 2.952981e+02 2.980288e+02
6     2.970835e+02 2.863439e+02 2.893819e+02
7     2.880059e+02 2.777456e+02 2.810329e+02
8     2.792774e+02 2.694889e+02 2.729726e+02
9     2.708851e+02 2.615598e+02 2.651927e+02
10    2.628164e+02 2.539451e+02 2.576848e+02
11    2.550593e+02 2.466318e+02 2.504406e+02
12    2.476021e+02 2.396079e+02 2.434521e+02
13    2.404335e+02 2.328615e+02 2.367115e+02
14    2.335428e+02 2.263816e+02 2.302109e+02
15    2.269195e+02 2.201573e+02 2.239429e+02
16    2.205535e+02 2.141783e+02 2.179002e+02
17    2.144351e+02 2.084348e+02 2.120755e+02
18    2.085551e+02 2.029173e+02 2.064618e+02
19    2.029043e+02 1.976168e+02 2.010522e+02
20    1.974741e+02 1.925246e+02 1.958402e+02
21    1.922561e+02 1.876324e+02 1.908192e+02
22    1.872423e+02 1.829321e+02 1.859829e+02
23    1.824250e+02 1.784161e+02 1.813251e+02
24    1.777965e+02 1.740772e+02 1.768398e+02
25    1.733498e+02 1.699082e+02 1.725212e+02
26    1.690778e+02 1.659024e+02 1.683637e+02
27    1.649740e+02 1.620534e+02 1.643618e+02
28    1.610318e+02 1.583549e+02 1.605100e+02
29    1.572450e+02 1.548010e+02 1.568033e+02
30    1.536078e+02 1.513860e+02 1.532365e+02
31    1.501143e+02 1.481044e+02 1.498048e+02
32    1.467590e+02 1.449509e+02 1.465035e+02
33    1.435366e+02 1.419204e+02 1.433279e+02
34    1.404419e+02 1.390083e+02 1.402737e+02
35    1.374700e+02 1.362097e+02 1.373364e+02
36    1.346162e+02 1.335202e+02 1.345119e+02
37    1.318759e+02 1.309356e+02 1.317962e+02
38    1.292446e+02 1.284517e+02 1.291854e+02
39    1.267182e+02 1.260646e+02 1.266755e+02
40    1.242926e+02 1.237704e+02 1.242631e+02
41    1.219638e+02 1.215657e+02 1.219445e+02
42    1.197280e+02 1.194468e+02 1.197163e+02
43    1.175817e+02 1.174104e+02 1.175751e+02
44    1.155213e+02 1.154532e+02 1.155179e+02
45    1.135435e+02 1.135723e+02 1.135413e+02
46    1.116451e+02 1.117645e+02 1.116426e+02
47    1.098228e+02 1.100272e+02 1.098186e+02
48    1.080738e+02 1.083574e+02 1.080668e+02
49    1.063952e+02 1.067526e+02 1.063843e+02
50    1.047841e+02 1.052103e+02 1.047686e+02
51    1.032380e+02 1.037279e+02 1.032170e+02
52    1.017542e+02 1.023033e+02 1.017273e+02
53    1.003303e+02 1.009340e+02 1.002971e+02
54    9.896402e+01 9.961811e+01 9.892403e+01
55    9.765294e+01 9.835337e+01 9.760598e+01
56    9.639494e+01 9.713784e+01 9.634084e+01
57    9.518791e+01 9.596963e+01 9.512657e+01
58    9.402981e+01 9.484687e+01 9.396121e+01
59    9.291872e+01 9.376781e+01 9.284289e+01
60    9.185275e+01 9.273075e+01 9.176978e+01
61    9.083012e+01 9.173406e+01 9.074012e+01
62    8.984910e+01 9.077616e+01 8.975224e+01
63    8.890802e+01 8.985557e+01 8.880449e+01
64    8.800529e+01 8.897081e+01 8.789532e+01
65    8.713938e+01 8.812051e+01 8.702321e+01
66    8.630882e+01 8.730333e+01 8.618671e+01
67    8.551218e+01 8.651797e+01 8.538443e+01
68    8.474812e+01 8.576321e+01 8.461500e+01
69    8.401532e+01 8.503786e+01 8.387714e+01
70    8.331252e+01 8.434077e+01 8.316959e+01
71    8.263853e+01 8.367084e+01 8.249116e+01
72    8.199218e+01 8.302703e+01 8.184068e+01
73    8.137236e+01 8.240832e+01 8.121705e+01
74    8.077799e+01 8.181373e+01 8.061919e+01
75    8.020807e+01 8.124232e+01 8.004607e+01
76    7.966158e+01 8.069320e+01 7.949670e+01
77    7.913760e+01 8.016550e+01 7.897013e+01
78    7.863520e+01 7.965839e+01 7.846545e+01
79    7.815352e+01 7.917106e+01 7.798176e+01
80    7.769171e+01 7.870275e+01 7.751823e+01
81    7.724897e+01 7.825273e+01 7.707404e+01
82    7.682452e+01 7.782027e+01 7.664841e+01
83    7.641763e+01 7.740469e+01 7.624058e+01
84    7.602757e+01 7.700534e+01 7.584983e+01
85    7.565366e+01 7.662159e+01 7.547547e+01
86    7.529525e+01 7.625283e+01 7.511682e+01
87    7.495170e+01 7.589848e+01 7.477326e+01
88    7.462241e+01 7.555797e+01 7.444415e+01
89    7.430679e+01 7.523077e+01 7.412892e+01
90    7.400429e+01 7.491636e+01 7.382698e+01
91    7.371436e+01 7.461424e+01 7.353780e+01
92    7.343650e+01 7.432392e+01 7.326084e+01
93    7.317021e+01 7.404496e+01 7.299561e+01
94    7.291502e+01 7.377691e+01 7.274162e+01
95    7.267046e+01 7.351934e+01 7.249841e+01
96    7.243611e+01 7.327185e+01 7.226553e+01
97    7.221154e+01 7.303403e+01 7.204256e+01
98    7.199636e+01 7.280552e+01 7.182907e+01
99    7.179017e+01 7.258595e+01 7.162469e+01
100   7.159260e+01 7.237497e+01 7.142902e+01
101   7.140331e+01 7.217224e+01 7.124171e+01
102   7.122194e+01 7.197745e+01 7.106241e+01
103   7.104817e+01 7.179028e+01 7.089078e+01
104   7.088170e+01 7.161043e+01 7.072650e+01
105   7.072220e+01 7.143763e+01 7.056927e+01
106   7.056941e+01 7.127158e+01 7.041879e+01
107   7.042303e+01 7.111204e+01 7.027477e+01
108   7.028281e+01 7.095873e+01 7.013695e+01
109   7.014849e+01 7.081143e+01 7.000506e+01
110   7.001982e+01 7.066989e+01 6.987885e+01
111   6.989657e+01 7.053389e+01 6.975809e+01
112   6.977852e+01 7.040321e+01 6.964254e+01
113   6.966544e+01 7.027765e+01 6.953199e+01
114   6.955713e+01 7.015700e+01 6.942622e+01
115   6.945340e+01 7.004106e+01 6.932502e+01
116   6.935405e+01 6.992967e+01 6.922821e+01
117   6.925890e+01 6.982263e+01 6.913560e+01
118   6.916777e+01 6.971977e+01 6.904702e+01
119   6.908050e+01 6.962094e+01 6.896228e+01
120   6.899692e+01 6.952597e+01 6.888122e+01
121   6.891689e+01 6.943471e+01 6.880370e+01
122   6.884024e+01 6.934702e+01 6.872955e+01
123   6.876685e+01 6.926275e+01 6.865863e+01
124   6.869657e+01 6.918178e+01 6.859081e+01
125   6.862928e+01 6.910397e+01 6.852595e+01
126   6.856484e+01 6.902919e+01 6.846393e+01
127   6.850315e+01 6.895734e+01 6.840462e+01
128   6.844408e+01 6.888828e+01 6.834790e+01
129   6.838752e+01 6.882192e+01 6.829367e+01
130   6.833337e+01 6.875815e+01 6.824182e+01
131   6.828153e+01 6.869686e+01 6.819225e+01
132   6.823189e+01 6.863796e+01 6.814485e+01
133   6.818437e+01 6.858136e+01 6.809954e+01
134   6.813888e+01 6.852696e+01 6.805622e+01
135   6.809534e+01 6.847467e+01 6.801481e+01
136   6.805365e+01 6.842442e+01 6.797522e+01
137   6.801374e+01 6.837612e+01 6.793738e+01
138   6.797554e+01 6.832969e+01 6.790121e+01
139   6.793898e+01 6.828507e+01 6.786663e+01
140   6.790398e+01 6.824218e+01 6.783359e+01
141   6.787048e+01 6.820095e+01 6.780200e+01
142   6.783841e+01 6.816132e+01 6.777182e+01
143   6.780772e+01 6.812323e+01 6.774297e+01
144   6.777834e+01 6.808661e+01 6.771540e+01
145   6.775023e+01 6.805140e+01 6.768905e+01
146   6.772332e+01 6.801756e+01 6.766387e+01
147   6.769756e+01 6.798502e+01 6.763981e+01
148   6.767292e+01 6.795374e+01 6.761682e+01
149   6.764933e+01 6.792366e+01 6.759485e+01
150   6.762676e+01 6.789474e+01 6.757387e+01
151   6.760516e+01 6.786693e+01 6.755381e+01
152   6.758449e+01 6.784020e+01 6.753465e+01
153   6.756471e+01 6.781449e+01 6.751635e+01
154   6.754578e+01 6.778976e+01 6.749886e+01
155   6.752767e+01 6.776599e+01 6.748215e+01
156   6.751034e+01 6.774312e+01 6.746619e+01
157   6.749376e+01 6.772113e+01 6.745095e+01
158   6.747789e+01 6.769998e+01 6.743638e+01
159   6.746271e+01 6.767963e+01 6.742247e+01
160   6.744819e+01 6.766006e+01 6.740918e+01
161   6.743429e+01 6.764124e+01 6.739649e+01
162   6.742099e+01 6.762313e+01 6.738437e+01
163   6.740827e+01 6.760571e+01 6.737279e+01
164   6.739610e+01 6.758894e+01 6.736173e+01
165   6.738446e+01 6.757282e+01 6.735117e+01
166   6.737332e+01 6.755730e+01 6.734109e+01
167   6.736267e+01 6.754237e+01 6.733145e+01
168   6.735247e+01 6.752800e+01 6.732226e+01
169   6.734272e+01 6.751417e+01 6.731347e+01
170   6.733339e+01 6.750086e+01 6.730509e+01
171   6.732447e+01 6.748805e+01 6.729708e+01
172   6.731594e+01 6.747572e+01 6.728943e+01
173   6.730777e+01 6.746386e+01 6.728213e+01
174   6.729996e+01 6.745243e+01 6.727516e+01
175   6.729249e+01 6.744143e+01 6.726850e+01
176   6.728535e+01 6.743084e+01 6.726215e+01
177   6.727852e+01 6.742064e+01 6.725608e+01
178   6.727198e+01 6.741082e+01 6.725029e+01
179   6.726573e+01 6.740136e+01 6.724476e+01
180   6.725975e+01 6.739225e+01 6.723948e+01
181   6.725404e+01 6.738348e+01 6.723445e+01
182   6.724857e+01 6.737503e+01 6.722964e+01
183   6.724334e+01 6.736689e+01 6.722505e+01
184   6.723834e+01 6.735904e+01 6.722066e+01
185   6.723355e+01 6.735149e+01 6.721648e+01
186   6.722898e+01 6.734421e+01 6.721249e+01
187   6.722461e+01 6.733719e+01 6.720868e+01
188   6.722043e+01 6.733042e+01 6.720504e+01
189   6.721643e+01 6.732391e+01 6.720157e+01
190   6.721260e+01 6.731762e+01 6.719826e+01
191   6.720894e+01 6.731157e+01 6.719510e+01
192   6.720545e+01 6.730573e+01 6.719208e+01
193   6.720210e+01 6.730009e+01 6.718920e+01
194   6.719891e+01 6.729466e+01 6.718645e+01
195   6.719585e+01 6.728943e+01 6.718383e+01
196   6.719293e+01 6.728438e+01 6.718133e+01
197   6.719013e+01 6.727950e+01 6.717894e+01
198   6.718746e+01 6.727480e+01 6.717666e+01
199   6.718491e+01 6.727027e+01 6.717449e+01
200   6.718247e+01 6.726589e+01 6.717242e+01
201   6.718013e+01 6.726167e+01 6.717044e+01
202   6.717790e+01 6.725760e+01 6.716855e+01
203   6.717577e+01 6.725366e+01 6.716675e+01
204   6.717373e+01 6.724987e+01 6.716503e+01
205   6.717178e+01 6.724620e+01 6.716339e+01
206   6.716991e+01 6.724266e+01 6.716183e+01
207   6.716813e+01 6.723924e+01 6.716034e+01
208   6.716642e+01 6.723594e+01 6.715891e+01
209   6.716480e+01 6.723275e+01 6.715756e+01
210   6.716324e+01 6.722967e+01 6.715626e+01
211   6.716175e+01 6.722670e+01 6.715503e+01
212   6.716033e+01 6.722382e+01 6.715385e+01
213   6.715897e+01 6.722104e+01 6.715273e+01
214   6.715767e+01 6.721836e+01 6.715165e+01
215   6.715643e+01 6.721576e+01 6.715063e+01
216   6.715524e+01 6.721325e+01 6.714966e+01
217   6.715411e+01 6.721083e+01 6.714873e+01
218   6.715302e+01 6.720848e+01 6.714784e+01
219   6.715198e+01 6.720621e+01 6.714699e+01
220   6.715099e+01 6.720402e+01 6.714619e+01
221   6.715005e+01 6.720189e+01 6.714542e+01
222   6.714914e+01 6.719984e+01 6.714469e+01
223   6.714828e+01 6.719785e+01 6.714399e+01
224   6.714745e+01 6.719593e+01 6.714332e+01
225   6.714666e+01 6.719407e+01 6.714268e+01
226   6.714590e+01 6.719227e+01 6.714208e+01
227   6.714518e+01 6.719052e+01 6.714150e+01
228   6.714449e+01 6.718884e+01 6.714095e+01
229   6.714383e+01 6.718720e+01 6.714042e+01
230   6.714321e+01 6.718562e+01 6.713992e+01
231   6.714260e+01 6.718408e+01 6.713944e+01
232   6.714203e+01 6.718260e+01 6.713899e+01
233   6.714148e+01 6.718116e+01 6.713855e+01
234   6.714095e+01 6.717976e+01 6.713814e+01
235   6.714045e+01 6.717841e+01 6.713774e+01
236   6.713997e+01 6.717710e+01 6.713737e+01
237   6.713952e+01 6.717583e+01 6.713701e+01
238   6.713908e+01 6.717460e+01 6.713667e+01
239   6.713866e+01 6.717340e+01 6.713634e+01
240   6.713826e+01 6.717225e+01 6.713603e+01
241   6.713788e+01 6.717112e+01 6.713573e+01
242   6.713751e+01 6.717003e+01 6.713545e+01
243   6.713717e+01 6.716898e+01 6.713518e+01
244   6.713683e+01 6.716795e+01 6.713492e+01
245   6.713651e+01 6.716696e+01 6.713468e+01
246   6.713621e+01 6.716599e+01 6.713445e+01
247   6.713592e+01 6.716505e+01 6.713422e+01
248   6.713564e+01 6.716414e+01 6.713401e+01
249   6.713538e+01 6.716326e+01 6.713381e+01
250   6.713512e+01 6.716240e+01 6.713362e+01
251   6.713488e+01 6.716157e+01 6.713343e+01
252   6.713465e+01 6.716076e+01 6.713326e+01
253   6.713443e+01 6.715997e+01 6.713309e+01
254   6.713422e+01 6.715921e+01 6.713293e+01
255   6.713402e+01 6.715846e+01 6.713278e+01
256   6.713383e+01 6.715774e+01 6.713264e+01
257   6.713364e+01 6.715704e+01 6.713250e+01
258   6.713347e+01 6.715636e+01 6.713237e+01
259   6.713330e+01 6.715570e+01 6.713225e+01
260   6.713314e+01 6.715505e+01 6.713213e+01
261   6.713299e+01 6.715443e+01 6.713201e+01
262   6.713284e+01 6.715382e+01 6.713191e+01
263   6.713270e+01 6.715323e+01 6.713180e+01
264   6.713257e+01 6.715265e+01 6.713170e+01
265   6.713244e+01 6.715209e+01 6.713161e+01
266   6.713232e+01 6.715155e+01 6.713152e+01
267   6.713220e+01 6.715101e+01 6.713144e+01
268   6.713209e+01 6.715050e+01 6.713136e+01
269   6.713198e+01 6.715000e+01 6.713128e+01
270   6.713188e+01 6.714951e+01 6.713121e+01
271   6.713179e+01 6.714903e+01 6.713114e+01
272   6.713169e+01 6.714857e+01 6.713107e+01
273   6.713161e+01 6.714812e+01 6.713101e+01
274   6.713152e+01 6.714768e+01 6.713095e+01
275   6.713144e+01 6.714725e+01 6.713089e+01
276   6.713137e+01 6.714683e+01 6.713083e+01
277   6.713129e+01 6.714643e+01 6.713078e+01
278   6.713122e+01 6.714603e+01 6.713073e+01
279   6.713115e+01 6.714565e+01 6.713069e+01
280   6.713109e+01 6.714527e+01 6.713064e+01
281   6.713103e+01 6.714490e+01 6.713060e+01
282   6.713097e+01 6.714455e+01 6.713056e+01
283   6.713092e+01 6.714420e+01 6.713052e+01
284   6.713086e+01 6.714386e+01 6.713048e+01
285   6.713081e+01 6.714353e+01 6.713045e+01
286   6.713076e+01 6.714321e+01 6.713041e+01
287   6.713072e+01 6.714290e+01 6.713038e+01
288   6.713067e+01 6.714259e+01 6.713035e+01
289   6.713063e+01 6.714229e+01 6.713032e+01
290   6.713059e+01 6.714200e+01 6.713029e+01
291   6.713055e+01 6.714172e+01 6.713027e+01
292   6.713052e+01 6.714144e+01 6.713024e+01
293   6.713048e+01 6.714117e+01 6.713022e+01
