1     3.619533e+02 2.811685e+02 3.926879e+02
2     2.406125e+02 2.454722e+02 2.392912e+02
3     2.036718e+02 2.081191e+02 2.032132e+02
4     1.749307e+02 1.785113e+02 1.745689e+02
5     1.522503e+02 1.551174e+02 1.519603e+02
6     1.343479e+02 1.366433e+02 1.341146e+02
7     1.202146e+02 1.220544e+02 1.200266e+02
8     1.090560e+02 1.105329e+02 1.089043e+02
9     1.002454e+02 1.014328e+02 1.001226e+02
10    9.328826e+01 9.424457e+01 9.318867e+01
11    8.779434e+01 8.856588e+01 8.771334e+01
12    8.345561e+01 8.407920e+01 8.338953e+01
13    8.002895e+01 8.053389e+01 7.997486e+01
14    7.732245e+01 7.773206e+01 7.727801e+01
15    7.518461e+01 7.551750e+01 7.514794e+01
16    7.349585e+01 7.376685e+01 7.346545e+01
17    7.216173e+01 7.238271e+01 7.213639e+01
18    7.110771e+01 7.128816e+01 7.108647e+01
19    7.027491e+01 7.042245e+01 7.025700e+01
20    6.961685e+01 6.973760e+01 6.960165e+01
21    6.909684e+01 6.919571e+01 6.908384e+01
22    6.868587e+01 6.876683e+01 6.867468e+01
23    6.836105e+01 6.842732e+01 6.835134e+01
24    6.810431e+01 6.815846e+01 6.809581e+01
25    6.790135e+01 6.794549e+01 6.789386e+01
26    6.774089e+01 6.777675e+01 6.773423e+01
27    6.761402e+01 6.764298e+01 6.760804e+01
28    6.751369e+01 6.753691e+01 6.750830e+01
29    6.743435e+01 6.745275e+01 6.742943e+01
30    6.737159e+01 6.738596e+01 6.736708e+01
31    6.732195e+01 6.733291e+01 6.731778e+01
32    6.728267e+01 6.729076e+01 6.727879e+01
33    6.725159e+01 6.725725e+01 6.724796e+01
34    6.722699e+01 6.723058e+01 6.722357e+01
35    6.720751e+01 6.720935e+01 6.720428e+01
36    6.719209e+01 6.719243e+01 6.718903e+01
37    6.717988e+01 6.717893e+01 6.717696e+01
38    6.717021e+01 6.716816e+01 6.716741e+01
39    6.716254e+01 6.715955e+01 6.715985e+01
40    6.715647e+01 6.715266e+01 6.715387e+01
41    6.715165e+01 6.714714e+01 6.714914e+01
42    6.714783e+01 6.714271e+01 6.714540e+01
43    6.714480e+01 6.713916e+01 6.714244e+01
44    6.714239e+01 6.713630e+01 6.714010e+01
45    6.714048e+01 6.713400e+01 6.713825e+01
46    6.713896e+01 6.713214e+01 6.713678e+01
47    6.713776e+01 6.713064e+01 6.713563e+01
48    6.713679e+01 6.712943e+01 6.713471e+01
49    6.713603e+01 6.712845e+01 6.713399e+01
50    6.713542e+01 6.712765e+01 6.713343e+01
51    6.713493e+01 6.712700e+01 6.713298e+01
52    6.713455e+01 6.712648e+01 6.713263e+01
53    6.713424e+01 6.712605e+01 6.713235e+01
54    6.713399e+01 6.712571e+01 6.713214e+01
55    6.713379e+01 6.712542e+01 6.713197e+01
56    6.713363e+01 6.712519e+01 6.713185e+01
