1     3.619533e+02 3.316583e+02 3.648835e+02
2     3.322447e+02 3.250091e+02 3.253449e+02
3     3.196142e+02 3.128223e+02 3.134921e+02
4     3.075712e+02 3.010949e+02 3.020001e+02
5     2.960902e+02 2.899248e+02 2.910264e+02
6     2.851550e+02 2.792905e+02 2.805577e+02
7     2.747372e+02 2.691645e+02 2.705684e+02
8     2.648122e+02 2.595227e+02 2.610370e+02
9     2.553570e+02 2.503418e+02 2.519429e+02
10    2.463495e+02 2.416000e+02 2.432664e+02
11    2.377687e+02 2.332762e+02 2.349889e+02
12    2.295947e+02 2.253503e+02 2.270923e+02
13    2.218083e+02 2.178034e+02 2.195595e+02
14    2.143914e+02 2.106174e+02 2.123741e+02
15    2.073265e+02 2.037749e+02 2.055204e+02
16    2.005972e+02 1.972596e+02 1.989835e+02
17    1.941876e+02 1.910557e+02 1.927490e+02
18    1.880828e+02 1.851485e+02 1.868033e+02
19    1.822684e+02 1.795236e+02 1.811331e+02
20    1.767306e+02 1.741677e+02 1.757261e+02
21    1.714565e+02 1.690678e+02 1.705703e+02
22    1.664337e+02 1.642117e+02 1.656542e+02
23    1.616502e+02 1.595877e+02 1.609670e+02
24    1.570949e+02 1.551848e+02 1.564982e+02
25    1.527568e+02 1.509923e+02 1.522378e+02
26    1.486258e+02 1.470001e+02 1.481764e+02
27    1.446922e+02 1.431988e+02 1.443048e+02
28    1.409464e+02 1.395792e+02 1.406144e+02
29    1.373797e+02 1.361325e+02 1.370968e+02
30    1.339836e+02 1.328505e+02 1.337441e+02
31    1.307500e+02 1.297254e+02 1.305488e+02
32    1.276713e+02 1.267496e+02 1.275036e+02
33    1.247400e+02 1.239159e+02 1.246016e+02
34    1.219492e+02 1.212177e+02 1.218362e+02
35    1.192922e+02 1.186483e+02 1.192011e+02
36    1.167626e+02 1.162017e+02 1.166904e+02
37    1.143545e+02 1.138719e+02 1.142982e+02
38    1.120620e+02 1.116534e+02 1.120191e+02
39    1.098797e+02 1.095408e+02 1.098478e+02
40    1.078023e+02 1.075292e+02 1.077794e+02
41    1.058248e+02 1.056136e+02 1.058090e+02
42    1.039424e+02 1.037894e+02 1.039322e+02
43    1.021507e+02 1.020523e+02 1.021445e+02
44    1.004453e+02 1.003982e+02 1.004419e+02
45    9.882208e+01 9.882295e+01 9.882029e+01
46    9.727713e+01 9.732292e+01 9.727599e+01
47    9.580671e+01 9.589446e+01 9.580537e+01
48    9.440727e+01 9.453416e+01 9.440498e+01
49    9.307542e+01 9.323874e+01 9.307154e+01
50    9.180792e+01 9.200512e+01 9.180191e+01
51    9.060170e+01 9.083034e+01 9.059311e+01
52    8.945382e+01 8.971157e+01 8.944227e+01
53    8.836150e+01 8.864614e+01 8.834667e+01
54    8.732206e+01 8.763150e+01 8.730373e+01
55    8.633298e+01 8.666522e+01 8.631095e+01
56    8.539184e+01 8.574499e+01 8.536598e+01
57    8.449635e+01 8.486860e+01 8.446657e+01
58    8.364430e+01 8.403396e+01 8.361055e+01
59    8.283362e+01 8.323907e+01 8.279589e+01
60    8.206232e+01 8.248203e+01 8.202062e+01
61    8.132850e+01 8.176103e+01 8.128288e+01
62    8.063036e+01 8.107435e+01 8.058089e+01
63    7.996619e+01 8.042035e+01 7.991295e+01
64    7.933434e+01 7.979746e+01 7.927745e+01
65    7.873327e+01 7.920419e+01 7.867285e+01
66    7.816148e+01 7.863914e+01 7.809767e+01
67    7.761757e+01 7.810095e+01 7.755051e+01
68    7.710020e+01 7.758834e+01 7.703003e+01
69    7.660807e+01 7.710008e+01 7.653497e+01
70    7.613998e+01 7.663501e+01 7.606411e+01
71    7.569475e+01 7.619203e+01 7.561628e+01
72    7.527129e+01 7.577008e+01 7.519039e+01
73    7.486854e+01 7.536815e+01 7.478538e+01
74    7.448550e+01 7.498528e+01 7.440026e+01
75    7.412122e+01 7.462057e+01 7.403406e+01
76    7.377478e+01 7.427315e+01 7.368588e+01
77    7.344532e+01 7.394220e+01 7.335484e+01
78    7.313203e+01 7.362691e+01 7.304013e+01
79    7.283410e+01 7.332656e+01 7.274096e+01
80    7.255080e+01 7.304043e+01 7.245657e+01
81    7.228142e+01 7.276782e+01 7.218625e+01
82    7.202528e+01 7.250811e+01 7.192932e+01
83    7.178173e+01 7.226068e+01 7.168513e+01
84    7.155017e+01 7.202494e+01 7.145307e+01
85    7.133001e+01 7.180032e+01 7.123253e+01
86    7.112069e+01 7.158631e+01 7.102297e+01
87    7.092169e+01 7.138239e+01 7.082385e+01
88    7.073250e+01 7.118809e+01 7.063467e+01
89    7.055265e+01 7.100294e+01 7.045493e+01
90    7.038168e+01 7.082651e+01 7.028417e+01
91    7.021915e+01 7.065838e+01 7.012196e+01
92    7.006466e+01 7.049816e+01 6.996788e+01
93    6.991780e+01 7.034547e+01 6.982153e+01
94    6.977821e+01 7.019996e+01 6.968253e+01
95    6.964553e+01 7.006127e+01 6.955053e+01
96    6.951943e+01 6.992909e+01 6.942517e+01
97    6.939957e+01 6.980310e+01 6.930613e+01
98    6.928566e+01 6.968302e+01 6.919310e+01
99    6.917740e+01 6.956855e+01 6.908578e+01
100   6.907452e+01 6.945944e+01 6.898390e+01
101   6.897674e+01 6.935542e+01 6.888717e+01
102   6.888383e+01 6.925626e+01 6.879536e+01
103   6.879554e+01 6.916173e+01 6.870820e+01
104   6.871164e+01 6.907160e+01 6.862548e+01
105   6.863192e+01 6.898567e+01 6.854698e+01
106   6.855617e+01 6.890373e+01 6.847248e+01
107   6.848419e+01 6.882560e+01 6.840178e+01
108   6.841581e+01 6.875110e+01 6.833470e+01
109   6.835084e+01 6.868005e+01 6.827105e+01
110   6.828911e+01 6.861229e+01 6.821066e+01
111   6.823047e+01 6.854766e+01 6.815338e+01
112   6.817476e+01 6.848603e+01 6.809904e+01
113   6.812183e+01 6.842723e+01 6.804750e+01
114   6.807156e+01 6.837115e+01 6.799861e+01
115   6.802380e+01 6.831765e+01 6.795225e+01
116   6.797844e+01 6.826660e+01 6.790829e+01
117   6.793535e+01 6.821790e+01 6.786660e+01
118   6.789442e+01 6.817144e+01 6.782707e+01
119   6.785555e+01 6.812710e+01 6.778960e+01
120   6.781863e+01 6.808479e+01 6.775407e+01
121   6.778357e+01 6.804441e+01 6.772040e+01
122   6.775027e+01 6.800586e+01 6.768848e+01
123   6.771864e+01 6.796908e+01 6.765822e+01
124   6.768861e+01 6.793396e+01 6.762955e+01
125   6.766009e+01 6.790044e+01 6.760239e+01
126   6.763301e+01 6.786843e+01 6.757664e+01
127   6.760729e+01 6.783787e+01 6.755226e+01
128   6.758288e+01 6.780869e+01 6.752915e+01
129   6.755969e+01 6.778082e+01 6.750726e+01
130   6.753768e+01 6.775420e+01 6.748653e+01
131   6.751678e+01 6.772878e+01 6.746690e+01
132   6.749694e+01 6.770449e+01 6.744830e+01
133   6.747811e+01 6.768129e+01 6.743069e+01
134   6.746022e+01 6.765912e+01 6.741402e+01
135   6.744325e+01 6.763794e+01 6.739824e+01
136   6.742713e+01 6.761770e+01 6.738330e+01
137   6.741184e+01 6.759835e+01 6.736915e+01
138   6.739732e+01 6.757985e+01 6.735577e+01
139   6.738354e+01 6.756217e+01 6.734310e+01
140   6.737046e+01 6.754527e+01 6.733111e+01
141   6.735804e+01 6.752911e+01 6.731977e+01
142   6.734626e+01 6.751365e+01 6.730904e+01
143   6.733508e+01 6.749887e+01 6.729889e+01
144   6.732447e+01 6.748472e+01 6.728929e+01
145   6.731439e+01 6.747119e+01 6.728021e+01
146   6.730484e+01 6.745825e+01 6.727162e+01
147   6.729577e+01 6.744586e+01 6.726350e+01
148   6.728717e+01 6.743400e+01 6.725582e+01
149   6.727900e+01 6.742265e+01 6.724857e+01
150   6.727126e+01 6.741179e+01 6.724171e+01
151   6.726391e+01 6.740138e+01 6.723522e+01
152   6.725693e+01 6.739142e+01 6.722910e+01
153   6.725032e+01 6.738188e+01 6.722331e+01
154   6.724404e+01 6.737274e+01 6.721784e+01
155   6.723809e+01 6.736398e+01 6.721267e+01
156   6.723244e+01 6.735559e+01 6.720779e+01
157   6.722709e+01 6.734754e+01 6.720319e+01
158   6.722201e+01 6.733983e+01 6.719884e+01
159   6.721719e+01 6.733244e+01 6.719473e+01
160   6.721262e+01 6.732535e+01 6.719085e+01
161   6.720828e+01 6.731855e+01 6.718719e+01
162   6.720417e+01 6.731203e+01 6.718374e+01
163   6.720027e+01 6.730577e+01 6.718048e+01
164   6.719657e+01 6.729977e+01 6.717741e+01
165   6.719307e+01 6.729401e+01 6.717451e+01
166   6.718974e+01 6.728848e+01 6.717177e+01
167   6.718659e+01 6.728316e+01 6.716919e+01
168   6.718360e+01 6.727806e+01 6.716676e+01
169   6.718076e+01 6.727316e+01 6.716447e+01
170   6.717808e+01 6.726846e+01 6.716231e+01
171   6.717553e+01 6.726394e+01 6.716027e+01
172   6.717311e+01 6.725959e+01 6.715836e+01
173   6.717082e+01 6.725541e+01 6.715655e+01
174   6.716865e+01 6.725139e+01 6.715485e+01
175   6.716660e+01 6.724753e+01 6.715325e+01
176   6.716465e+01 6.724381e+01 6.715174e+01
177   6.716280e+01 6.724024e+01 6.715032e+01
178   6.716105e+01 6.723679e+01 6.714899e+01
179   6.715939e+01 6.723348e+01 6.714773e+01
180   6.715781e+01 6.723029e+01 6.714655e+01
181   6.715632e+01 6.722722e+01 6.714544e+01
182   6.715491e+01 6.722426e+01 6.714439e+01
183   6.715357e+01 6.722141e+01 6.714341e+01
184   6.715230e+01 6.721867e+01 6.714249e+01
185   6.715110e+01 6.721602e+01 6.714162e+01
186   6.714996e+01 6.721347e+01 6.714081e+01
187   6.714888e+01 6.721101e+01 6.714004e+01
188   6.714786e+01 6.720864e+01 6.713933e+01
189   6.714689e+01 6.720635e+01 6.713865e+01
190   6.714597e+01 6.720414e+01 6.713802e+01
191   6.714510e+01 6.720201e+01 6.713743e+01
192   6.714428e+01 6.719995e+01 6.713688e+01
193   6.714350e+01 6.719797e+01 6.713635e+01
194   6.714276e+01 6.719605e+01 6.713587e+01
195   6.714206e+01 6.719419e+01 6.713541e+01
196   6.714140e+01 6.719240e+01 6.713498e+01
197   6.714077e+01 6.719067e+01 6.713458e+01
198   6.714017e+01 6.718900e+01 6.713421e+01
199   6.713961e+01 6.718738e+01 6.713386e+01
200   6.713908e+01 6.718581e+01 6.713353e+01
201   6.713857e+01 6.718430e+01 6.713322e+01
202   6.713810e+01 6.718284e+01 6.713294e+01
203   6.713764e+01 6.718142e+01 6.713267e+01
204   6.713722e+01 6.718005e+01 6.713242e+01
205   6.713681e+01 6.717872e+01 6.713219e+01
206   6.713643e+01 6.717743e+01 6.713198e+01
207   6.713606e+01 6.717618e+01 6.713177e+01
208   6.713572e+01 6.717498e+01 6.713159e+01
209   6.713540e+01 6.717381e+01 6.713141e+01
210   6.713509e+01 6.717267e+01 6.713125e+01
211   6.713480e+01 6.717157e+01 6.713110e+01
212   6.713452e+01 6.717050e+01 6.713096e+01
213   6.713426e+01 6.716947e+01 6.713083e+01
214   6.713401e+01 6.716847e+01 6.713071e+01
215   6.713378e+01 6.716749e+01 6.713060e+01
216   6.713356e+01 6.716655e+01 6.713049e+01
217   6.713335e+01 6.716563e+01 6.713040e+01
218   6.713315e+01 6.716474e+01 6.713031e+01
219   6.713296e+01 6.716388e+01 6.713023e+01
220   6.713279e+01 6.716304e+01 6.713015e+01
221   6.713262e+01 6.716222e+01 6.713008e+01
222   6.713246e+01 6.716143e+01 6.713002e+01
223   6.713231e+01 6.716066e+01 6.712996e+01
224   6.713217e+01 6.715991e+01 6.712991e+01
225   6.713203e+01 6.715918e+01 6.712986e+01
226   6.713191e+01 6.715847e+01 6.712982e+01
227   6.713179e+01 6.715778e+01 6.712978e+01
228   6.713167e+01 6.715712e+01 6.712974e+01
229   6.713157e+01 6.715646e+01 6.712970e+01
230   6.713146e+01 6.715583e+01 6.712967e+01
231   6.713137e+01 6.715521e+01 6.712965e+01
232   6.713128e+01 6.715461e+01 6.712962e+01
233   6.713119e+01 6.715403e+01 6.712960e+01
234   6.713111e+01 6.715346e+01 6.712958e+01
235   6.713104e+01 6.715290e+01 6.712956e+01
236   6.713096e+01 6.715237e+01 6.712955e+01
237   6.713089e+01 6.715184e+01 6.712953e+01
238   6.713083e+01 6.715133e+01 6.712952e+01
239   6.713077e+01 6.715083e+01 6.712951e+01
240   6.713071e+01 6.715034e+01 6.712950e+01
241   6.713066e+01 6.714987e+01 6.712949e+01
242   6.713061e+01 6.714941e+01 6.712949e+01
243   6.713056e+01 6.714896e+01 6.712948e+01
244   6.713051e+01 6.714852e+01 6.712948e+01
245   6.713047e+01 6.714809e+01 6.712947e+01
246   6.713043e+01 6.714767e+01 6.712947e+01
247   6.713039e+01 6.714727e+01 6.712947e+01
248   6.713035e+01 6.714687e+01 6.712947e+01
