1     3.619533e+02 3.310720e+02 3.582298e+02
2     3.404030e+02 3.278752e+02 3.294606e+02
3     3.312463e+02 3.191991e+02 3.214411e+02
4     3.222866e+02 3.106858e+02 3.134128e+02
5     3.136130e+02 3.024676e+02 3.055927e+02
6     3.052264e+02 2.945356e+02 2.979866e+02
7     2.971158e+02 2.868788e+02 2.905892e+02
8     2.892722e+02 2.794866e+02 2.833970e+02
9     2.816875e+02 2.723491e+02 2.764065e+02
10    2.743536e+02 2.654569e+02 2.696142e+02
11    2.672624e+02 2.588009e+02 2.630162e+02
12    2.604065e+02 2.523723e+02 2.566089e+02
13    2.537783e+02 2.461629e+02 2.503883e+02
14    2.473707e+02 2.401648e+02 2.443507e+02
15    2.411766e+02 2.343701e+02 2.384920e+02
16    2.351892e+02 2.287717e+02 2.328082e+02
17    2.294020e+02 2.233626e+02 2.272955e+02
18    2.238086e+02 2.181359e+02 2.219499e+02
19    2.184027e+02 2.130853e+02 2.167673e+02
20    2.131783e+02 2.082045e+02 2.117438e+02
21    2.081296e+02 2.034876e+02 2.068756e+02
22    2.032509e+02 1.989288e+02 2.021586e+02
23    1.985366e+02 1.945227e+02 1.975890e+02
24    1.939816e+02 1.902639e+02 1.931631e+02
25    1.895805e+02 1.861475e+02 1.888769e+02
26    1.853284e+02 1.821684e+02 1.847268e+02
27    1.812205e+02 1.783220e+02 1.807090e+02
28    1.772519e+02 1.746038e+02 1.768200e+02
29    1.734182e+02 1.710093e+02 1.730562e+02
30    1.697149e+02 1.675344e+02 1.694140e+02
31    1.661378e+02 1.641751e+02 1.658901e+02
32    1.626826e+02 1.609275e+02 1.624810e+02
33    1.593455e+02 1.577877e+02 1.591834e+02
34    1.561223e+02 1.547521e+02 1.559941e+02
35    1.530095e+02 1.518174e+02 1.529098e+02
36    1.500033e+02 1.489800e+02 1.499275e+02
37    1.471002e+02 1.462368e+02 1.470442e+02
38    1.442967e+02 1.435845e+02 1.442567e+02
39    1.415896e+02 1.410203e+02 1.415624e+02
40    1.389757e+02 1.385411e+02 1.389582e+02
41    1.364517e+02 1.361441e+02 1.364414e+02
42    1.340147e+02 1.338267e+02 1.340094e+02
43    1.316619e+02 1.315861e+02 1.316594e+02
44    1.293902e+02 1.294199e+02 1.293890e+02
45    1.271972e+02 1.273256e+02 1.271957e+02
46    1.250800e+02 1.253007e+02 1.250769e+02
47    1.230361e+02 1.233431e+02 1.230303e+02
48    1.210631e+02 1.214505e+02 1.210537e+02
49    1.191585e+02 1.196208e+02 1.191448e+02
50    1.173201e+02 1.178519e+02 1.173013e+02
51    1.155456e+02 1.161417e+02 1.155213e+02
52    1.138328e+02 1.144885e+02 1.138026e+02
53    1.121796e+02 1.128902e+02 1.121432e+02
54    1.105841e+02 1.113451e+02 1.105412e+02
55    1.090442e+02 1.098515e+02 1.089947e+02
56    1.075580e+02 1.084076e+02 1.075019e+02
57    1.061238e+02 1.070118e+02 1.060610e+02
58    1.047397e+02 1.056626e+02 1.046702e+02
59    1.034040e+02 1.043584e+02 1.033280e+02
60    1.021150e+02 1.030977e+02 1.020327e+02
61    1.008713e+02 1.018792e+02 1.007827e+02
62    9.967110e+01 1.007013e+02 9.957649e+01
63    9.851304e+01 9.956285e+01 9.841262e+01
64    9.739564e+01 9.846246e+01 9.728964e+01
65    9.631750e+01 9.739891e+01 9.620618e+01
66    9.527727e+01 9.637098e+01 9.516089e+01
67    9.427364e+01 9.537750e+01 9.415247e+01
68    9.330534e+01 9.441734e+01 9.317967e+01
69    9.237116e+01 9.348939e+01 9.224127e+01
70    9.146991e+01 9.259260e+01 9.133610e+01
71    9.060045e+01 9.172594e+01 9.046300e+01
72    8.976168e+01 9.088842e+01 8.962089e+01
73    8.895253e+01 9.007906e+01 8.880868e+01
74    8.817198e+01 8.929695e+01 8.802536e+01
75    8.741903e+01 8.854118e+01 8.726991e+01
76    8.669272e+01 8.781088e+01 8.654138e+01
77    8.599213e+01 8.710521e+01 8.583883e+01
78    8.531635e+01 8.642335e+01 8.516136e+01
79    8.466452e+01 8.576451e+01 8.450809e+01
80    8.403581e+01 8.512794e+01 8.387817e+01
81    8.342941e+01 8.451288e+01 8.327080e+01
82    8.284454e+01 8.391863e+01 8.268519e+01
83    8.228044e+01 8.334450e+01 8.212056e+01
84    8.173639e+01 8.278981e+01 8.157619e+01
85    8.121169e+01 8.225392e+01 8.105137e+01
86    8.070565e+01 8.173620e+01 8.054539e+01
87    8.021762e+01 8.123605e+01 8.005761e+01
88    7.974697e+01 8.075289e+01 7.958738e+01
89    7.929310e+01 8.028613e+01 7.913408e+01
90    7.885540e+01 7.983525e+01 7.869711e+01
91    7.843331e+01 7.939970e+01 7.827589e+01
92    7.802627e+01 7.897897e+01 7.786987e+01
93    7.763377e+01 7.857256e+01 7.747850e+01
94    7.725529e+01 7.818001e+01 7.710126e+01
95    7.689033e+01 7.780083e+01 7.673766e+01
96    7.653841e+01 7.743459e+01 7.638720e+01
97    7.619908e+01 7.708085e+01 7.604942e+01
98    7.587188e+01 7.673918e+01 7.572387e+01
99    7.555640e+01 7.640919e+01 7.541011e+01
100   7.525221e+01 7.609048e+01 7.510772e+01
101   7.495892e+01 7.578266e+01 7.481628e+01
102   7.467613e+01 7.548538e+01 7.453542e+01
103   7.440349e+01 7.519828e+01 7.426475e+01
104   7.414062e+01 7.492100e+01 7.400390e+01
105   7.388718e+01 7.465323e+01 7.375253e+01
106   7.364284e+01 7.439464e+01 7.351029e+01
107   7.340727e+01 7.414491e+01 7.327685e+01
108   7.318016e+01 7.390375e+01 7.305191e+01
109   7.296121e+01 7.367088e+01 7.283514e+01
110   7.275013e+01 7.344599e+01 7.262627e+01
111   7.254664e+01 7.322884e+01 7.242500e+01
112   7.235047e+01 7.301915e+01 7.223105e+01
113   7.216135e+01 7.281666e+01 7.204418e+01
114   7.197905e+01 7.262114e+01 7.186411e+01
115   7.180330e+01 7.243235e+01 7.169061e+01
116   7.163389e+01 7.225006e+01 7.152344e+01
117   7.147058e+01 7.207404e+01 7.136236e+01
118   7.131315e+01 7.190409e+01 7.120716e+01
119   7.116140e+01 7.173999e+01 7.105763e+01
120   7.101513e+01 7.158155e+01 7.091356e+01
121   7.087412e+01 7.142858e+01 7.077474e+01
122   7.073821e+01 7.128087e+01 7.064100e+01
123   7.060720e+01 7.113827e+01 7.051215e+01
124   7.048093e+01 7.100058e+01 7.038801e+01
125   7.035921e+01 7.086765e+01 7.026841e+01
126   7.024189e+01 7.073930e+01 7.015318e+01
127   7.012881e+01 7.061539e+01 7.004216e+01
128   7.001981e+01 7.049576e+01 6.993521e+01
129   6.991476e+01 7.038026e+01 6.983217e+01
130   6.981351e+01 7.026876e+01 6.973290e+01
131   6.971592e+01 7.016111e+01 6.963727e+01
132   6.962186e+01 7.005717e+01 6.954514e+01
133   6.953120e+01 6.995684e+01 6.945639e+01
134   6.944383e+01 6.985997e+01 6.937088e+01
135   6.935962e+01 6.976645e+01 6.928851e+01
136   6.927846e+01 6.967617e+01 6.920916e+01
137   6.920024e+01 6.958901e+01 6.913272e+01
138   6.912486e+01 6.950486e+01 6.905908e+01
139   6.905221e+01 6.942363e+01 6.898814e+01
140   6.898219e+01 6.934521e+01 6.891980e+01
141   6.891471e+01 6.926950e+01 6.885397e+01
142   6.884968e+01 6.919642e+01 6.879056e+01
143   6.878701e+01 6.912586e+01 6.872947e+01
144   6.872661e+01 6.905774e+01 6.867062e+01
145   6.866840e+01 6.899199e+01 6.861394e+01
146   6.861231e+01 6.892850e+01 6.855933e+01
147   6.855826e+01 6.886722e+01 6.850673e+01
148   6.850616e+01 6.880806e+01 6.845606e+01
149   6.845596e+01 6.875094e+01 6.840726e+01
150   6.840759e+01 6.869580e+01 6.836024e+01
151   6.836097e+01 6.864257e+01 6.831495e+01
152   6.831605e+01 6.859118e+01 6.827133e+01
153   6.827276e+01 6.854157e+01 6.822931e+01
154   6.823104e+01 6.849368e+01 6.818883e+01
155   6.819084e+01 6.844744e+01 6.814984e+01
156   6.815210e+01 6.840280e+01 6.811229e+01
157   6.811478e+01 6.835970e+01 6.807611e+01
158   6.807881e+01 6.831810e+01 6.804127e+01
159   6.804415e+01 6.827793e+01 6.800771e+01
160   6.801075e+01 6.823915e+01 6.797538e+01
161   6.797857e+01 6.820172e+01 6.794423e+01
162   6.794755e+01 6.816557e+01 6.791424e+01
163   6.791767e+01 6.813067e+01 6.788535e+01
164   6.788888e+01 6.809698e+01 6.785752e+01
165   6.786114e+01 6.806446e+01 6.783071e+01
166   6.783440e+01 6.803305e+01 6.780489e+01
167   6.780865e+01 6.800273e+01 6.778002e+01
168   6.778383e+01 6.797345e+01 6.775607e+01
169   6.775991e+01 6.794518e+01 6.773300e+01
170   6.773687e+01 6.791789e+01 6.771078e+01
171   6.771467e+01 6.789154e+01 6.768937e+01
172   6.769327e+01 6.786610e+01 6.766875e+01
173   6.767266e+01 6.784153e+01 6.764889e+01
174   6.765280e+01 6.781780e+01 6.762977e+01
175   6.763366e+01 6.779490e+01 6.761134e+01
176   6.761523e+01 6.777278e+01 6.759360e+01
177   6.759746e+01 6.775142e+01 6.757651e+01
178   6.758034e+01 6.773079e+01 6.756004e+01
179   6.756385e+01 6.771088e+01 6.754419e+01
180   6.754796e+01 6.769164e+01 6.752892e+01
181   6.753265e+01 6.767307e+01 6.751421e+01
182   6.751790e+01 6.765513e+01 6.750004e+01
183   6.750369e+01 6.763781e+01 6.748639e+01
184   6.749000e+01 6.762108e+01 6.747325e+01
185   6.747681e+01 6.760492e+01 6.746059e+01
186   6.746410e+01 6.758932e+01 6.744840e+01
187   6.745185e+01 6.757425e+01 6.743665e+01
188   6.744006e+01 6.755969e+01 6.742534e+01
189   6.742869e+01 6.754563e+01 6.741445e+01
190   6.741774e+01 6.753205e+01 6.740395e+01
191   6.740719e+01 6.751893e+01 6.739385e+01
192   6.739702e+01 6.750626e+01 6.738411e+01
193   6.738723e+01 6.749402e+01 6.737474e+01
194   6.737779e+01 6.748220e+01 6.736571e+01
195   6.736870e+01 6.747078e+01 6.735701e+01
196   6.735995e+01 6.745974e+01 6.734863e+01
197   6.735151e+01 6.744908e+01 6.734057e+01
198   6.734338e+01 6.743878e+01 6.733279e+01
199   6.733555e+01 6.742884e+01 6.732531e+01
200   6.732800e+01 6.741922e+01 6.731810e+01
201   6.732073e+01 6.740994e+01 6.731116e+01
202   6.731373e+01 6.740096e+01 6.730447e+01
203   6.730699e+01 6.739229e+01 6.729803e+01
204   6.730049e+01 6.738391e+01 6.729183e+01
205   6.729423e+01 6.737581e+01 6.728585e+01
206   6.728819e+01 6.736799e+01 6.728010e+01
207   6.728238e+01 6.736043e+01 6.727456e+01
208   6.727678e+01 6.735312e+01 6.726922e+01
209   6.727139e+01 6.734606e+01 6.726408e+01
210   6.726620e+01 6.733923e+01 6.725913e+01
211   6.726119e+01 6.733263e+01 6.725436e+01
212   6.725637e+01 6.732626e+01 6.724976e+01
213   6.725172e+01 6.732009e+01 6.724534e+01
214   6.724725e+01 6.731413e+01 6.724108e+01
215   6.724294e+01 6.730837e+01 6.723697e+01
216   6.723878e+01 6.730280e+01 6.723302e+01
217   6.723478e+01 6.729742e+01 6.722921e+01
218   6.723093e+01 6.729222e+01 6.722555e+01
219   6.722721e+01 6.728718e+01 6.722202e+01
220   6.722364e+01 6.728232e+01 6.721862e+01
221   6.722019e+01 6.727761e+01 6.721534e+01
222   6.721687e+01 6.727306e+01 6.721218e+01
223   6.721367e+01 6.726866e+01 6.720915e+01
224   6.721059e+01 6.726441e+01 6.720622e+01
225   6.720762e+01 6.726029e+01 6.720340e+01
226   6.720476e+01 6.725631e+01 6.720068e+01
227   6.720201e+01 6.725246e+01 6.719807e+01
228   6.719936e+01 6.724874e+01 6.719555e+01
229   6.719680e+01 6.724513e+01 6.719313e+01
230   6.719434e+01 6.724165e+01 6.719079e+01
231   6.719197e+01 6.723828e+01 6.718854e+01
232   6.718968e+01 6.723502e+01 6.718637e+01
233   6.718748e+01 6.723186e+01 6.718428e+01
234   6.718536e+01 6.722881e+01 6.718227e+01
235   6.718332e+01 6.722585e+01 6.718034e+01
236   6.718135e+01 6.722299e+01 6.717847e+01
237   6.717946e+01 6.722022e+01 6.717668e+01
238   6.717763e+01 6.721755e+01 6.717495e+01
239   6.717587e+01 6.721495e+01 6.717328e+01
240   6.717418e+01 6.721244e+01 6.717168e+01
241   6.717255e+01 6.721002e+01 6.717013e+01
242   6.717097e+01 6.720766e+01 6.716864e+01
243   6.716946e+01 6.720539e+01 6.716721e+01
244   6.716800e+01 6.720318e+01 6.716583e+01
245   6.716659e+01 6.720105e+01 6.716450e+01
246   6.716524e+01 6.719898e+01 6.716322e+01
247   6.716394e+01 6.719698e+01 6.716198e+01
248   6.716268e+01 6.719505e+01 6.716080e+01
249   6.716147e+01 6.719317e+01 6.715965e+01
250   6.716030e+01 6.719135e+01 6.715855e+01
251   6.715918e+01 6.718959e+01 6.715749e+01
252   6.715810e+01 6.718789e+01 6.715647e+01
253   6.715706e+01 6.718624e+01 6.715548e+01
254   6.715605e+01 6.718463e+01 6.715453e+01
255   6.715509e+01 6.718308e+01 6.715362e+01
256   6.715416e+01 6.718158e+01 6.715274e+01
257   6.715326e+01 6.718013e+01 6.715189e+01
258   6.715240e+01 6.717871e+01 6.715108e+01
259   6.715156e+01 6.717735e+01 6.715029e+01
260   6.715076e+01 6.717602e+01 6.714953e+01
261   6.714999e+01 6.717474e+01 6.714880e+01
262   6.714924e+01 6.717349e+01 6.714810e+01
263   6.714853e+01 6.717229e+01 6.714742e+01
264   6.714784e+01 6.717112e+01 6.714677e+01
265   6.714717e+01 6.716998e+01 6.714615e+01
266   6.714653e+01 6.716888e+01 6.714554e+01
267   6.714591e+01 6.716781e+01 6.714496e+01
268   6.714532e+01 6.716678e+01 6.714440e+01
269   6.714475e+01 6.716577e+01 6.714386e+01
270   6.714420e+01 6.716480e+01 6.714334e+01
271   6.714366e+01 6.716386e+01 6.714284e+01
272   6.714315e+01 6.716294e+01 6.714235e+01
273   6.714266e+01 6.716205e+01 6.714189e+01
274   6.714219e+01 6.716119e+01 6.714144e+01
275   6.714173e+01 6.716035e+01 6.714101e+01
276   6.714129e+01 6.715954e+01 6.714060e+01
277   6.714086e+01 6.715875e+01 6.714020e+01
278   6.714045e+01 6.715799e+01 6.713981e+01
279   6.714006e+01 6.715725e+01 6.713944e+01
280   6.713968e+01 6.715653e+01 6.713908e+01
281   6.713932e+01 6.715583e+01 6.713874e+01
282   6.713896e+01 6.715515e+01 6.713841e+01
283   6.713862e+01 6.715449e+01 6.713809e+01
284   6.713830e+01 6.715385e+01 6.713778e+01
285   6.713798e+01 6.715322e+01 6.713748e+01
286   6.713768e+01 6.715262e+01 6.713720e+01
287   6.713739e+01 6.715203e+01 6.713693e+01
288   6.713711e+01 6.715146e+01 6.713666e+01
289   6.713684e+01 6.715091e+01 6.713641e+01
290   6.713658e+01 6.715037e+01 6.713616e+01
291   6.713632e+01 6.714985e+01 6.713592e+01
292   6.713608e+01 6.714934e+01 6.713570e+01
293   6.713585e+01 6.714885e+01 6.713548e+01
294   6.713563e+01 6.714837e+01 6.713527e+01
295   6.713541e+01 6.714790e+01 6.713506e+01
296   6.713520e+01 6.714745e+01 6.713487e+01
297   6.713500e+01 6.714701e+01 6.713468e+01
298   6.713481e+01 6.714658e+01 6.713450e+01
299   6.713462e+01 6.714616e+01 6.713432e+01
300   6.713444e+01 6.714576e+01 6.713415e+01
301   6.713427e+01 6.714537e+01 6.713399e+01
302   6.713410e+01 6.714498e+01 6.713383e+01
303   6.713394e+01 6.714461e+01 6.713368e+01
304   6.713379e+01 6.714425e+01 6.713354e+01
305   6.713364e+01 6.714390e+01 6.713340e+01
306   6.713349e+01 6.714355e+01 6.713326e+01
307   6.713336e+01 6.714322e+01 6.713313e+01
308   6.713322e+01 6.714289e+01 6.713301e+01
309   6.713310e+01 6.714258e+01 6.713289e+01
310   6.713297e+01 6.714227e+01 6.713277e+01
311   6.713285e+01 6.714197e+01 6.713266e+01
312   6.713274e+01 6.714168e+01 6.713255e+01
313   6.713263e+01 6.714140e+01 6.713245e+01
314   6.713252e+01 6.714112e+01 6.713235e+01
315   6.713242e+01 6.714085e+01 6.713225e+01
316   6.713232e+01 6.714059e+01 6.713216e+01
317   6.713223e+01 6.714034e+01 6.713207e+01
318   6.713214e+01 6.714009e+01 6.713199e+01
319   6.713205e+01 6.713985e+01 6.713190e+01
320   6.713196e+01 6.713961e+01 6.713182e+01
321   6.713188e+01 6.713938e+01 6.713175e+01
322   6.713180e+01 6.713916e+01 6.713167e+01
323   6.713173e+01 6.713894e+01 6.713160e+01
324   6.713165e+01 6.713873e+01 6.713153e+01
325   6.713158e+01 6.713852e+01 6.713147e+01
326   6.713152e+01 6.713832e+01 6.713140e+01
327   6.713145e+01 6.713813e+01 6.713134e+01
328   6.713139e+01 6.713793e+01 6.713128e+01
329   6.713133e+01 6.713775e+01 6.713123e+01
330   6.713127e+01 6.713757e+01 6.713117e+01
331   6.713121e+01 6.713739e+01 6.713112e+01
332   6.713116e+01 6.713722e+01 6.713107e+01
333   6.713111e+01 6.713705e+01 6.713102e+01
334   6.713106e+01 6.713688e+01 6.713097e+01
335   6.713101e+01 6.713672e+01 6.713093e+01
336   6.713096e+01 6.713657e+01 6.713088e+01
337   6.713092e+01 6.713642e+01 6.713084e+01
338   6.713087e+01 6.713627e+01 6.713080e+01
339   6.713083e+01 6.713612e+01 6.713076e+01
340   6.713079e+01 6.713598e+01 6.713073e+01
341   6.713075e+01 6.713584e+01 6.713069e+01
342   6.713072e+01 6.713571e+01 6.713065e+01
343   6.713068e+01 6.713558e+01 6.713062e+01
