1     3.619533e+02 3.205398e+02 3.444511e+02
2     3.452056e+02 3.195512e+02 3.231347e+02
3     3.384624e+02 3.133369e+02 3.181944e+02
4     3.315495e+02 3.071995e+02 3.129738e+02
5     3.247820e+02 3.012457e+02 3.077497e+02
6     3.181738e+02 2.954660e+02 3.025440e+02
7     3.117195e+02 2.898514e+02 2.973642e+02
8     3.054164e+02 2.843935e+02 2.922188e+02
9     2.992617e+02 2.790848e+02 2.871157e+02
10    2.932527e+02 2.739185e+02 2.820616e+02
11    2.873867e+02 2.688880e+02 2.770625e+02
12    2.816611e+02 2.639877e+02 2.721237e+02
13    2.760731e+02 2.592121e+02 2.672497e+02
14    2.706201e+02 2.545563e+02 2.624446e+02
15    2.652994e+02 2.500157e+02 2.577117e+02
16    2.601084e+02 2.455862e+02 2.530538e+02
17    2.550445e+02 2.412638e+02 2.484734e+02
18    2.501050e+02 2.370449e+02 2.439724e+02
19    2.452873e+02 2.329261e+02 2.395525e+02
20    2.405890e+02 2.289044e+02 2.352150e+02
21    2.360075e+02 2.249767e+02 2.309606e+02
22    2.315403e+02 2.211404e+02 2.267902e+02
23    2.271848e+02 2.173928e+02 2.227042e+02
24    2.229388e+02 2.137316e+02 2.187026e+02
25    2.187998e+02 2.101544e+02 2.147855e+02
26    2.147653e+02 2.066591e+02 2.109527e+02
27    2.108331e+02 2.032437e+02 2.072038e+02
28    2.070009e+02 1.999061e+02 2.035382e+02
29    2.032664e+02 1.966446e+02 1.999554e+02
30    1.996273e+02 1.934574e+02 1.964546e+02
31    1.960815e+02 1.903427e+02 1.930349e+02
32    1.926268e+02 1.872990e+02 1.896954e+02
33    1.892610e+02 1.843247e+02 1.864349e+02
34    1.859822e+02 1.814182e+02 1.832526e+02
35    1.827882e+02 1.785781e+02 1.801471e+02
36    1.796770e+02 1.758031e+02 1.771173e+02
37    1.766467e+02 1.730916e+02 1.741619e+02
38    1.736952e+02 1.704424e+02 1.712797e+02
39    1.708208e+02 1.678543e+02 1.684694e+02
40    1.680216e+02 1.653259e+02 1.657296e+02
41    1.652956e+02 1.628560e+02 1.630590e+02
42    1.626412e+02 1.604434e+02 1.604562e+02
43    1.600566e+02 1.580869e+02 1.579199e+02
44    1.575400e+02 1.557854e+02 1.554488e+02
45    1.550898e+02 1.535378e+02 1.530413e+02
46    1.527043e+02 1.513429e+02 1.506963e+02
47    1.503820e+02 1.491997e+02 1.484123e+02
48    1.481211e+02 1.471071e+02 1.461880e+02
49    1.459203e+02 1.450641e+02 1.440220e+02
50    1.437780e+02 1.430696e+02 1.419130e+02
51    1.416926e+02 1.411227e+02 1.398597e+02
52    1.396629e+02 1.392223e+02 1.378608e+02
53    1.376873e+02 1.373675e+02 1.359149e+02
54    1.357644e+02 1.355573e+02 1.340210e+02
55    1.338930e+02 1.337908e+02 1.321776e+02
56    1.320717e+02 1.320670e+02 1.303835e+02
57    1.302992e+02 1.303851e+02 1.286376e+02
58    1.285743e+02 1.287442e+02 1.269387e+02
59    1.268958e+02 1.271433e+02 1.252856e+02
60    1.252623e+02 1.255817e+02 1.236771e+02
61    1.236729e+02 1.240584e+02 1.221121e+02
62    1.221262e+02 1.225726e+02 1.205895e+02
63    1.206213e+02 1.211235e+02 1.191083e+02
64    1.191570e+02 1.197104e+02 1.176673e+02
65    1.177323e+02 1.183323e+02 1.162656e+02
66    1.163461e+02 1.169886e+02 1.149021e+02
67    1.149974e+02 1.156784e+02 1.135758e+02
68    1.136853e+02 1.144010e+02 1.122858e+02
69    1.124087e+02 1.131556e+02 1.110310e+02
70    1.111667e+02 1.119416e+02 1.098107e+02
71    1.099585e+02 1.107582e+02 1.086238e+02
72    1.087831e+02 1.096047e+02 1.074695e+02
73    1.076396e+02 1.084804e+02 1.063470e+02
74    1.065273e+02 1.073846e+02 1.052553e+02
75    1.054452e+02 1.063168e+02 1.041936e+02
76    1.043926e+02 1.052762e+02 1.031612e+02
77    1.033686e+02 1.042621e+02 1.021573e+02
78    1.023726e+02 1.032741e+02 1.011810e+02
79    1.014038e+02 1.023114e+02 1.002317e+02
80    1.004614e+02 1.013734e+02 9.930866e+01
81    9.954481e+01 1.004596e+02 9.841111e+01
82    9.865322e+01 9.956936e+01 9.753838e+01
83    9.778601e+01 9.870214e+01 9.668980e+01
84    9.694252e+01 9.785739e+01 9.586471e+01
85    9.612211e+01 9.703455e+01 9.506247e+01
86    9.532417e+01 9.623309e+01 9.428247e+01
87    9.454808e+01 9.545249e+01 9.352409e+01
88    9.379326e+01 9.469225e+01 9.278674e+01
89    9.305913e+01 9.395185e+01 9.206985e+01
90    9.234513e+01 9.323081e+01 9.137286e+01
91    9.165072e+01 9.252866e+01 9.069522e+01
92    9.097537e+01 9.184492e+01 9.003639e+01
93    9.031856e+01 9.117914e+01 8.939587e+01
94    8.967979e+01 9.053087e+01 8.877316e+01
95    8.905856e+01 8.989967e+01 8.816775e+01
96    8.845441e+01 8.928511e+01 8.757917e+01
97    8.786686e+01 8.868678e+01 8.700696e+01
98    8.729547e+01 8.810426e+01 8.645067e+01
99    8.673980e+01 8.753716e+01 8.590986e+01
100   8.619941e+01 8.698509e+01 8.538409e+01
101   8.567389e+01 8.644766e+01 8.487296e+01
102   8.516284e+01 8.592449e+01 8.437607e+01
103   8.466586e+01 8.541524e+01 8.389300e+01
104   8.418257e+01 8.491953e+01 8.342339e+01
105   8.371258e+01 8.443703e+01 8.296686e+01
106   8.325555e+01 8.396740e+01 8.252304e+01
107   8.281111e+01 8.351029e+01 8.209160e+01
108   8.237892e+01 8.306540e+01 8.167217e+01
109   8.195864e+01 8.263239e+01 8.126443e+01
110   8.154996e+01 8.221098e+01 8.086805e+01
111   8.115254e+01 8.180085e+01 8.048273e+01
112   8.076608e+01 8.140171e+01 8.010814e+01
113   8.039029e+01 8.101328e+01 7.974400e+01
114   8.002486e+01 8.063527e+01 7.939001e+01
115   7.966951e+01 8.026742e+01 7.904589e+01
116   7.932397e+01 7.990945e+01 7.871136e+01
117   7.898797e+01 7.956112e+01 7.838617e+01
118   7.866125e+01 7.922216e+01 7.807004e+01
119   7.834354e+01 7.889233e+01 7.776273e+01
120   7.803461e+01 7.857139e+01 7.746400e+01
121   7.773420e+01 7.825910e+01 7.717359e+01
122   7.744209e+01 7.795524e+01 7.689129e+01
123   7.715805e+01 7.765959e+01 7.661686e+01
124   7.688186e+01 7.737192e+01 7.635009e+01
125   7.661329e+01 7.709203e+01 7.609076e+01
126   7.635214e+01 7.681970e+01 7.583866e+01
127   7.609821e+01 7.655475e+01 7.559360e+01
128   7.585129e+01 7.629696e+01 7.535538e+01
129   7.561119e+01 7.604616e+01 7.512380e+01
130   7.537773e+01 7.580215e+01 7.489869e+01
131   7.515072e+01 7.556475e+01 7.467985e+01
132   7.492998e+01 7.533379e+01 7.446713e+01
133   7.471534e+01 7.510910e+01 7.426033e+01
134   7.450664e+01 7.489050e+01 7.405931e+01
135   7.430370e+01 7.467783e+01 7.386390e+01
136   7.410637e+01 7.447094e+01 7.367394e+01
137   7.391449e+01 7.426967e+01 7.348929e+01
138   7.372791e+01 7.407387e+01 7.330978e+01
139   7.354650e+01 7.388339e+01 7.313529e+01
140   7.337009e+01 7.369809e+01 7.296566e+01
141   7.319856e+01 7.351783e+01 7.280077e+01
142   7.303177e+01 7.334247e+01 7.264048e+01
143   7.286959e+01 7.317188e+01 7.248466e+01
144   7.271189e+01 7.300594e+01 7.233320e+01
145   7.255856e+01 7.284451e+01 7.218595e+01
146   7.240945e+01 7.268748e+01 7.204282e+01
147   7.226447e+01 7.253472e+01 7.190368e+01
148   7.212349e+01 7.238612e+01 7.176843e+01
149   7.198641e+01 7.224158e+01 7.163695e+01
150   7.185312e+01 7.210097e+01 7.150913e+01
151   7.172351e+01 7.196419e+01 7.138489e+01
152   7.159748e+01 7.183114e+01 7.126411e+01
153   7.147494e+01 7.170171e+01 7.114670e+01
154   7.135577e+01 7.157582e+01 7.103257e+01
155   7.123990e+01 7.145336e+01 7.092162e+01
156   7.112723e+01 7.133423e+01 7.081377e+01
157   7.101768e+01 7.121836e+01 7.070893e+01
158   7.091115e+01 7.110564e+01 7.060702e+01
159   7.080756e+01 7.099600e+01 7.050794e+01
160   7.070683e+01 7.088935e+01 7.041164e+01
161   7.060888e+01 7.078561e+01 7.031801e+01
162   7.051364e+01 7.068470e+01 7.022701e+01
163   7.042102e+01 7.058654e+01 7.013854e+01
164   7.033097e+01 7.049106e+01 7.005254e+01
165   7.024339e+01 7.039819e+01 6.996893e+01
166   7.015824e+01 7.030785e+01 6.988767e+01
167   7.007544e+01 7.021997e+01 6.980866e+01
168   6.999492e+01 7.013449e+01 6.973187e+01
169   6.991662e+01 7.005134e+01 6.965721e+01
170   6.984048e+01 6.997046e+01 6.958464e+01
171   6.976645e+01 6.989179e+01 6.951409e+01
172   6.969445e+01 6.981526e+01 6.944551e+01
173   6.962444e+01 6.974082e+01 6.937885e+01
174   6.955636e+01 6.966841e+01 6.931404e+01
175   6.949016e+01 6.959798e+01 6.925104e+01
176   6.942579e+01 6.952947e+01 6.918980e+01
177   6.936318e+01 6.946282e+01 6.913027e+01
178   6.930231e+01 6.939800e+01 6.907239e+01
179   6.924311e+01 6.933494e+01 6.901614e+01
180   6.918554e+01 6.927360e+01 6.896145e+01
181   6.912956e+01 6.921393e+01 6.890828e+01
182   6.907512e+01 6.915589e+01 6.885660e+01
183   6.902218e+01 6.909943e+01 6.880636e+01
184   6.897070e+01 6.904450e+01 6.875752e+01
185   6.892064e+01 6.899108e+01 6.871005e+01
186   6.887195e+01 6.893911e+01 6.866390e+01
187   6.882461e+01 6.888856e+01 6.861903e+01
188   6.877856e+01 6.883938e+01 6.857542e+01
189   6.873379e+01 6.879154e+01 6.853302e+01
190   6.869025e+01 6.874501e+01 6.849180e+01
191   6.864790e+01 6.869974e+01 6.845174e+01
192   6.860672e+01 6.865570e+01 6.841279e+01
193   6.856667e+01 6.861287e+01 6.837493e+01
194   6.852772e+01 6.857119e+01 6.833812e+01
195   6.848985e+01 6.853066e+01 6.830234e+01
196   6.845301e+01 6.849122e+01 6.826756e+01
197   6.841719e+01 6.845286e+01 6.823374e+01
198   6.838235e+01 6.841553e+01 6.820087e+01
199   6.834846e+01 6.837923e+01 6.816892e+01
200   6.831551e+01 6.834391e+01 6.813786e+01
201   6.828346e+01 6.830955e+01 6.810766e+01
202   6.825230e+01 6.827612e+01 6.807831e+01
203   6.822198e+01 6.824360e+01 6.804977e+01
204   6.819250e+01 6.821197e+01 6.802203e+01
205   6.816383e+01 6.818119e+01 6.799506e+01
206   6.813595e+01 6.815124e+01 6.796884e+01
207   6.810883e+01 6.812211e+01 6.794336e+01
208   6.808245e+01 6.809377e+01 6.791858e+01
209   6.805679e+01 6.806620e+01 6.789450e+01
210   6.803184e+01 6.803938e+01 6.787109e+01
211   6.800757e+01 6.801328e+01 6.784833e+01
212   6.798397e+01 6.798789e+01 6.782620e+01
213   6.796102e+01 6.796318e+01 6.780469e+01
214   6.793869e+01 6.793915e+01 6.778378e+01
215   6.791697e+01 6.791576e+01 6.776345e+01
216   6.789585e+01 6.789301e+01 6.774369e+01
217   6.787530e+01 6.787087e+01 6.772448e+01
218   6.785532e+01 6.784934e+01 6.770581e+01
219   6.783588e+01 6.782838e+01 6.768766e+01
220   6.781698e+01 6.780799e+01 6.767001e+01
221   6.779859e+01 6.778815e+01 6.765285e+01
222   6.778070e+01 6.776885e+01 6.763617e+01
223   6.776330e+01 6.775007e+01 6.761996e+01
224   6.774638e+01 6.773179e+01 6.760420e+01
225   6.772992e+01 6.771401e+01 6.758887e+01
226   6.771391e+01 6.769670e+01 6.757398e+01
227   6.769833e+01 6.767987e+01 6.755950e+01
228   6.768318e+01 6.766348e+01 6.754542e+01
229   6.766844e+01 6.764754e+01 6.753174e+01
230   6.765411e+01 6.763203e+01 6.751843e+01
231   6.764016e+01 6.761693e+01 6.750550e+01
232   6.762660e+01 6.760224e+01 6.749293e+01
233   6.761340e+01 6.758794e+01 6.748070e+01
234   6.760056e+01 6.757403e+01 6.746882e+01
235   6.758808e+01 6.756049e+01 6.745727e+01
236   6.757593e+01 6.754732e+01 6.744604e+01
237   6.756411e+01 6.753450e+01 6.743513e+01
238   6.755261e+01 6.752202e+01 6.742451e+01
239   6.754143e+01 6.750988e+01 6.741420e+01
240   6.753055e+01 6.749806e+01 6.740417e+01
241   6.751997e+01 6.748656e+01 6.739442e+01
242   6.750967e+01 6.747536e+01 6.738494e+01
243   6.749965e+01 6.746447e+01 6.737572e+01
244   6.748991e+01 6.745387e+01 6.736677e+01
245   6.748042e+01 6.744355e+01 6.735806e+01
246   6.747120e+01 6.743350e+01 6.734959e+01
247   6.746222e+01 6.742373e+01 6.734136e+01
248   6.745349e+01 6.741421e+01 6.733336e+01
249   6.744500e+01 6.740495e+01 6.732558e+01
250   6.743673e+01 6.739594e+01 6.731802e+01
251   6.742869e+01 6.738717e+01 6.731067e+01
252   6.742086e+01 6.737862e+01 6.730352e+01
253   6.741325e+01 6.737031e+01 6.729658e+01
254   6.740584e+01 6.736222e+01 6.728982e+01
255   6.739864e+01 6.735434e+01 6.728326e+01
256   6.739162e+01 6.734667e+01 6.727687e+01
257   6.738480e+01 6.733921e+01 6.727067e+01
258   6.737816e+01 6.733194e+01 6.726464e+01
259   6.737170e+01 6.732487e+01 6.725877e+01
260   6.736542e+01 6.731798e+01 6.725307e+01
261   6.735930e+01 6.731128e+01 6.724753e+01
262   6.735335e+01 6.730475e+01 6.724214e+01
263   6.734755e+01 6.729840e+01 6.723690e+01
264   6.734192e+01 6.729221e+01 6.723181e+01
265   6.733643e+01 6.728619e+01 6.722686e+01
266   6.733110e+01 6.728033e+01 6.722204e+01
267   6.732590e+01 6.727462e+01 6.721737e+01
268   6.732085e+01 6.726906e+01 6.721282e+01
269   6.731593e+01 6.726365e+01 6.720839e+01
270   6.731114e+01 6.725838e+01 6.720410e+01
271   6.730648e+01 6.725325e+01 6.719992e+01
272   6.730195e+01 6.724825e+01 6.719585e+01
273   6.729754e+01 6.724339e+01 6.719190e+01
274   6.729324e+01 6.723865e+01 6.718806e+01
275   6.728906e+01 6.723404e+01 6.718433e+01
276   6.728499e+01 6.722954e+01 6.718070e+01
277   6.728104e+01 6.722517e+01 6.717717e+01
278   6.727718e+01 6.722091e+01 6.717374e+01
279   6.727343e+01 6.721676e+01 6.717041e+01
280   6.726978e+01 6.721272e+01 6.716717e+01
281   6.726623e+01 6.720878e+01 6.716401e+01
282   6.726277e+01 6.720495e+01 6.716095e+01
283   6.725940e+01 6.720122e+01 6.715797e+01
284   6.725613e+01 6.719758e+01 6.715508e+01
285   6.725294e+01 6.719404e+01 6.715226e+01
286   6.724983e+01 6.719059e+01 6.714952e+01
287   6.724681e+01 6.718723e+01 6.714686e+01
288   6.724387e+01 6.718396e+01 6.714428e+01
289   6.724100e+01 6.718077e+01 6.714176e+01
290   6.723821e+01 6.717767e+01 6.713932e+01
291   6.723550e+01 6.717464e+01 6.713694e+01
292   6.723286e+01 6.717170e+01 6.713463e+01
293   6.723028e+01 6.716883e+01 6.713238e+01
294   6.722778e+01 6.716603e+01 6.713020e+01
295   6.722534e+01 6.716331e+01 6.712808e+01
296   6.722297e+01 6.716065e+01 6.712601e+01
297   6.722066e+01 6.715807e+01 6.712400e+01
298   6.721841e+01 6.715555e+01 6.712205e+01
299   6.721621e+01 6.715309e+01 6.712016e+01
300   6.721408e+01 6.715070e+01 6.711831e+01
301   6.721200e+01 6.714837e+01 6.711652e+01
302   6.720998e+01 6.714610e+01 6.711478e+01
303   6.720801e+01 6.714389e+01 6.711308e+01
304   6.720609e+01 6.714173e+01 6.711144e+01
305   6.720423e+01 6.713963e+01 6.710984e+01
306   6.720241e+01 6.713759e+01 6.710828e+01
307   6.720064e+01 6.713559e+01 6.710677e+01
308   6.719891e+01 6.713365e+01 6.710529e+01
309   6.719723e+01 6.713175e+01 6.710386e+01
310   6.719560e+01 6.712990e+01 6.710247e+01
311   6.719400e+01 6.712810e+01 6.710112e+01
312   6.719245e+01 6.712635e+01 6.709981e+01
313   6.719094e+01 6.712464e+01 6.709853e+01
314   6.718947e+01 6.712297e+01 6.709729e+01
315   6.718804e+01 6.712135e+01 6.709608e+01
316   6.718664e+01 6.711976e+01 6.709490e+01
317   6.718528e+01 6.711822e+01 6.709376e+01
318   6.718396e+01 6.711672e+01 6.709265e+01
319   6.718267e+01 6.711525e+01 6.709157e+01
320   6.718141e+01 6.711382e+01 6.709052e+01
321   6.718019e+01 6.711242e+01 6.708950e+01
322   6.717899e+01 6.711106e+01 6.708851e+01
323   6.717783e+01 6.710974e+01 6.708755e+01
324   6.717670e+01 6.710844e+01 6.708661e+01
325   6.717560e+01 6.710718e+01 6.708570e+01
326   6.717452e+01 6.710595e+01 6.708481e+01
327   6.717348e+01 6.710476e+01 6.708395e+01
328   6.717246e+01 6.710359e+01 6.708312e+01
329   6.717146e+01 6.710245e+01 6.708230e+01
330   6.717050e+01 6.710134e+01 6.708151e+01
331   6.716955e+01 6.710025e+01 6.708074e+01
332   6.716863e+01 6.709920e+01 6.707999e+01
333   6.716774e+01 6.709816e+01 6.707927e+01
334   6.716687e+01 6.709716e+01 6.707856e+01
335   6.716602e+01 6.709618e+01 6.707787e+01
336   6.716519e+01 6.709522e+01 6.707720e+01
337   6.716438e+01 6.709429e+01 6.707655e+01
338   6.716359e+01 6.709338e+01 6.707592e+01
339   6.716283e+01 6.709249e+01 6.707531e+01
340   6.716208e+01 6.709162e+01 6.707471e+01
341   6.716135e+01 6.709078e+01 6.707413e+01
342   6.716064e+01 6.708995e+01 6.707357e+01
343   6.715995e+01 6.708915e+01 6.707302e+01
344   6.715927e+01 6.708836e+01 6.707249e+01
345   6.715862e+01 6.708760e+01 6.707197e+01
346   6.715797e+01 6.708685e+01 6.707146e+01
347   6.715735e+01 6.708612e+01 6.707097e+01
348   6.715674e+01 6.708541e+01 6.707050e+01
349   6.715615e+01 6.708471e+01 6.707003e+01
350   6.715557e+01 6.708403e+01 6.706958e+01
351   6.715500e+01 6.708337e+01 6.706915e+01
352   6.715445e+01 6.708273e+01 6.706872e+01
353   6.715392e+01 6.708210e+01 6.706831e+01
354   6.715339e+01 6.708148e+01 6.706790e+01
355   6.715288e+01 6.708088e+01 6.706751e+01
356   6.715239e+01 6.708029e+01 6.706713e+01
357   6.715190e+01 6.707972e+01 6.706676e+01
358   6.715143e+01 6.707916e+01 6.706640e+01
359   6.715097e+01 6.707862e+01 6.706605e+01
360   6.715052e+01 6.707808e+01 6.706571e+01
361   6.715008e+01 6.707756e+01 6.706538e+01
362   6.714965e+01 6.707706e+01 6.706506e+01
363   6.714923e+01 6.707656e+01 6.706475e+01
364   6.714883e+01 6.707608e+01 6.706445e+01
365   6.714843e+01 6.707560e+01 6.706415e+01
366   6.714804e+01 6.707514e+01 6.706386e+01
367   6.714766e+01 6.707469e+01 6.706358e+01
368   6.714730e+01 6.707425e+01 6.706331e+01
369   6.714694e+01 6.707382e+01 6.706305e+01
370   6.714659e+01 6.707340e+01 6.706279e+01
371   6.714624e+01 6.707299e+01 6.706254e+01
372   6.714591e+01 6.707259e+01 6.706230e+01
373   6.714558e+01 6.707220e+01 6.706207e+01
374   6.714527e+01 6.707181e+01 6.706184e+01
375   6.714496e+01 6.707144e+01 6.706161e+01
376   6.714465e+01 6.707108e+01 6.706140e+01
377   6.714436e+01 6.707072e+01 6.706119e+01
378   6.714407e+01 6.707037e+01 6.706098e+01
379   6.714379e+01 6.707003e+01 6.706078e+01
380   6.714351e+01 6.706970e+01 6.706059e+01
381   6.714325e+01 6.706937e+01 6.706040e+01
382   6.714299e+01 6.706905e+01 6.706022e+01
383   6.714273e+01 6.706874e+01 6.706004e+01
384   6.714248e+01 6.706844e+01 6.705987e+01
385   6.714224e+01 6.706814e+01 6.705970e+01
386   6.714200e+01 6.706785e+01 6.705954e+01
387   6.714177e+01 6.706757e+01 6.705938e+01
388   6.714154e+01 6.706729e+01 6.705922e+01
389   6.714132e+01 6.706702e+01 6.705907e+01
390   6.714111e+01 6.706676e+01 6.705893e+01
391   6.714090e+01 6.706650e+01 6.705879e+01
392   6.714069e+01 6.706624e+01 6.705865e+01
393   6.714049e+01 6.706600e+01 6.705851e+01
394   6.714029e+01 6.706575e+01 6.705838e+01
395   6.714010e+01 6.706552e+01 6.705826e+01
396   6.713992e+01 6.706529e+01 6.705813e+01
397   6.713973e+01 6.706506e+01 6.705801e+01
398   6.713955e+01 6.706484e+01 6.705790e+01
399   6.713938e+01 6.706462e+01 6.705778e+01
400   6.713921e+01 6.706441e+01 6.705767e+01
401   6.713904e+01 6.706420e+01 6.705757e+01
402   6.713888e+01 6.706400e+01 6.705746e+01
403   6.713872e+01 6.706380e+01 6.705736e+01
404   6.713857e+01 6.706361e+01 6.705726e+01
405   6.713842e+01 6.706342e+01 6.705717e+01
406   6.713827e+01 6.706323e+01 6.705707e+01
407   6.713813e+01 6.706305e+01 6.705698e+01
408   6.713798e+01 6.706287e+01 6.705689e+01
409   6.713785e+01 6.706270e+01 6.705681e+01
410   6.713771e+01 6.706253e+01 6.705673e+01
411   6.713758e+01 6.706236e+01 6.705665e+01
412   6.713745e+01 6.706220e+01 6.705657e+01
413   6.713733e+01 6.706204e+01 6.705649e+01
414   6.713720e+01 6.706188e+01 6.705642e+01
415   6.713708e+01 6.706173e+01 6.705634e+01
416   6.713697e+01 6.706158e+01 6.705627e+01
417   6.713685e+01 6.706144e+01 6.705621e+01
418   6.713674e+01 6.706129e+01 6.705614e+01
419   6.713663e+01 6.706115e+01 6.705607e+01
420   6.713652e+01 6.706101e+01 6.705601e+01
421   6.713642e+01 6.706088e+01 6.705595e+01
422   6.713631e+01 6.706075e+01 6.705589e+01
423   6.713621e+01 6.706062e+01 6.705583e+01
424   6.713612e+01 6.706049e+01 6.705578e+01
425   6.713602e+01 6.706037e+01 6.705572e+01
426   6.713593e+01 6.706025e+01 6.705567e+01
427   6.713583e+01 6.706013e+01 6.705562e+01
428   6.713574e+01 6.706001e+01 6.705557e+01
429   6.713566e+01 6.705990e+01 6.705552e+01
430   6.713557e+01 6.705979e+01 6.705547e+01
431   6.713549e+01 6.705968e+01 6.705543e+01
432   6.713541e+01 6.705957e+01 6.705538e+01
433   6.713532e+01 6.705947e+01 6.705534e+01
434   6.713525e+01 6.705937e+01 6.705530e+01
435   6.713517e+01 6.705926e+01 6.705525e+01
436   6.713509e+01 6.705917e+01 6.705521e+01
437   6.713502e+01 6.705907e+01 6.705518e+01
438   6.713495e+01 6.705897e+01 6.705514e+01
439   6.713488e+01 6.705888e+01 6.705510e+01
440   6.713481e+01 6.705879e+01 6.705507e+01
441   6.713474e+01 6.705870e+01 6.705503e+01
442   6.713468e+01 6.705862e+01 6.705500e+01
