1     3.619533e+02 3.111649e+02 3.773547e+02
2     2.931755e+02 2.908447e+02 2.889415e+02
3     2.675094e+02 2.655459e+02 2.639479e+02
4     2.446800e+02 2.429280e+02 2.415435e+02
5     2.244573e+02 2.228689e+02 2.216951e+02
6     2.065410e+02 2.050963e+02 2.041089e+02
7     1.906658e+02 1.893506e+02 1.885251e+02
8     1.765989e+02 1.754008e+02 1.747152e+02
9     1.641342e+02 1.630419e+02 1.624773e+02
10    1.530891e+02 1.520927e+02 1.516322e+02
11    1.433019e+02 1.423923e+02 1.420213e+02
12    1.346292e+02 1.337984e+02 1.335040e+02
13    1.269441e+02 1.261848e+02 1.259559e+02
14    1.201341e+02 1.194396e+02 1.192665e+02
15    1.140994e+02 1.134640e+02 1.133381e+02
16    1.087518e+02 1.081701e+02 1.080841e+02
17    1.040130e+02 1.034802e+02 1.034276e+02
18    9.981373e+01 9.932544e+01 9.930078e+01
19    9.609248e+01 9.564482e+01 9.564324e+01
20    9.279485e+01 9.238427e+01 9.240161e+01
21    8.987261e+01 8.949590e+01 8.952856e+01
22    8.728300e+01 8.693727e+01 8.698217e+01
23    8.498817e+01 8.467077e+01 8.472526e+01
24    8.295455e+01 8.266310e+01 8.272492e+01
25    8.115241e+01 8.088474e+01 8.095195e+01
26    7.955540e+01 7.930954e+01 7.938050e+01
27    7.814016e+01 7.791432e+01 7.798766e+01
28    7.688602e+01 7.667856e+01 7.675311e+01
29    7.577464e+01 7.558408e+01 7.565885e+01
30    7.478976e+01 7.461474e+01 7.468894e+01
31    7.391699e+01 7.375628e+01 7.382923e+01
32    7.314357e+01 7.299604e+01 7.306721e+01
33    7.245819e+01 7.232281e+01 7.239177e+01
34    7.185085e+01 7.172666e+01 7.179307e+01
35    7.131264e+01 7.119879e+01 7.126238e+01
36    7.083572e+01 7.073140e+01 7.079198e+01
37    7.041310e+01 7.031759e+01 7.037502e+01
38    7.003860e+01 6.995124e+01 7.000543e+01
39    6.970675e+01 6.962691e+01 6.967782e+01
40    6.941269e+01 6.933982e+01 6.938743e+01
41    6.915213e+01 6.908571e+01 6.913002e+01
42    6.892124e+01 6.886079e+01 6.890186e+01
43    6.871667e+01 6.866174e+01 6.869961e+01
44    6.853540e+01 6.848559e+01 6.852034e+01
45    6.837478e+01 6.832973e+01 6.836144e+01
46    6.823248e+01 6.819182e+01 6.822059e+01
47    6.810639e+01 6.806981e+01 6.809574e+01
48    6.799468e+01 6.796188e+01 6.798509e+01
49    6.789571e+01 6.786642e+01 6.788700e+01
50    6.780803e+01 6.778199e+01 6.780007e+01
51    6.773035e+01 6.770733e+01 6.772301e+01
52    6.766154e+01 6.764131e+01 6.765472e+01
53    6.760057e+01 6.758295e+01 6.759419e+01
54    6.754657e+01 6.753136e+01 6.754055e+01
55    6.749874e+01 6.748576e+01 6.749301e+01
56    6.745637e+01 6.744546e+01 6.745087e+01
57    6.741884e+01 6.740986e+01 6.741354e+01
58    6.738560e+01 6.737840e+01 6.738045e+01
59    6.735617e+01 6.735062e+01 6.735114e+01
60    6.733010e+01 6.732608e+01 6.732516e+01
61    6.730701e+01 6.730441e+01 6.730215e+01
62    6.728657e+01 6.728528e+01 6.728176e+01
63    6.726847e+01 6.726840e+01 6.726370e+01
64    6.725244e+01 6.725350e+01 6.724771e+01
65    6.723825e+01 6.724035e+01 6.723354e+01
66    6.722569e+01 6.722875e+01 6.722099e+01
67    6.721457e+01 6.721852e+01 6.720988e+01
68    6.720473e+01 6.720949e+01 6.720004e+01
69    6.719602e+01 6.720154e+01 6.719133e+01
70    6.718831e+01 6.719452e+01 6.718363e+01
71    6.718149e+01 6.718834e+01 6.717681e+01
72    6.717546e+01 6.718289e+01 6.717078e+01
73    6.717012e+01 6.717809e+01 6.716544e+01
74    6.716539e+01 6.717386e+01 6.716072e+01
75    6.716122e+01 6.717013e+01 6.715655e+01
76    6.715752e+01 6.716685e+01 6.715286e+01
77    6.715425e+01 6.716395e+01 6.714961e+01
78    6.715137e+01 6.716140e+01 6.714673e+01
79    6.714881e+01 6.715916e+01 6.714420e+01
80    6.714656e+01 6.715718e+01 6.714196e+01
81    6.714456e+01 6.715543e+01 6.713998e+01
82    6.714280e+01 6.715390e+01 6.713825e+01
83    6.714124e+01 6.715254e+01 6.713672e+01
84    6.713987e+01 6.715134e+01 6.713537e+01
85    6.713866e+01 6.715028e+01 6.713419e+01
86    6.713759e+01 6.714934e+01 6.713315e+01
87    6.713664e+01 6.714852e+01 6.713223e+01
88    6.713581e+01 6.714778e+01 6.713144e+01
89    6.713507e+01 6.714713e+01 6.713074e+01
90    6.713442e+01 6.714655e+01 6.713013e+01
91    6.713385e+01 6.714603e+01 6.712960e+01
92    6.713334e+01 6.714557e+01 6.712914e+01
93    6.713290e+01 6.714516e+01 6.712874e+01
94    6.713251e+01 6.714478e+01 6.712839e+01
95    6.713216e+01 6.714445e+01 6.712809e+01
96    6.713186e+01 6.714415e+01 6.712784e+01
97    6.713160e+01 6.714387e+01 6.712762e+01
98    6.713136e+01 6.714362e+01 6.712743e+01
99    6.713116e+01 6.714339e+01 6.712728e+01
100   6.713097e+01 6.714318e+01 6.712715e+01
101   6.713082e+01 6.714298e+01 6.712704e+01
102   6.713068e+01 6.714279e+01 6.712695e+01
103   6.713055e+01 6.714262e+01 6.712688e+01
104   6.713045e+01 6.714246e+01 6.712683e+01
105   6.713035e+01 6.714231e+01 6.712678e+01
106   6.713027e+01 6.714216e+01 6.712675e+01
107   6.713020e+01 6.714202e+01 6.712673e+01
108   6.713014e+01 6.714189e+01 6.712672e+01
