1     3.619533e+02 2.811685e+02 3.926879e+02
2     2.406125e+02 2.454722e+02 2.392912e+02
3     2.036718e+02 2.081191e+02 2.032132e+02
4     1.749307e+02 1.785113e+02 1.745689e+02
5     1.522503e+02 1.551174e+02 1.519603e+02
6     1.343479e+02 1.366433e+02 1.341146e+02
7     1.202146e+02 1.220544e+02 1.200266e+02
8     1.090560e+02 1.105329e+02 1.089043e+02
9     1.002454e+02 1.014328e+02 1.001226e+02
10    9.328826e+01 9.424457e+01 9.318867e+01
11    8.779434e+01 8.856588e+01 8.771334e+01
12    8.345561e+01 8.407920e+01 8.338953e+01
13    8.002895e+01 8.053389e+01 7.997486e+01
14    7.732245e+01 7.773206e+01 7.727801e+01
15    7.518461e+01 7.551750e+01 7.514794e+01
16    7.349585e+01 7.376685e+01 7.346545e+01
17    7.216173e+01 7.238271e+01 7.213639e+01
18    7.110771e+01 7.128816e+01 7.108647e+01
19    7.027491e+01 7.042245e+01 7.025700e+01
20    6.961685e+01 6.973760e+01 6.960165e+01
21    6.909684e+01 6.919571e+01 6.908384e+01
22    6.868587e+01 6.876683e+01 6.867468e+01
23    6.836105e+01 6.842732e+01 6.835134e+01
24    6.810431e+01 6.815846e+01 6.809581e+01
25    6.790135e+01 6.794549e+01 6.789386e+01
26    6.774089e+01 6.777675e+01 6.773423e+01
27    6.761402e+01 6.764298e+01 6.760804e+01
28    6.751369e+01 6.753691e+01 6.750830e+01
29    6.743435e+01 6.745275e+01 6.742943e+01
30    6.737159e+01 6.738596e+01 6.736708e+01
31    6.732195e+01 6.733291e+01 6.731778e+01
32    6.728267e+01 6.729076e+01 6.727879e+01
33    6.725159e+01 6.725725e+01 6.724796e+01
34    6.722699e+01 6.723058e+01 6.722357e+01
35    6.720751e+01 6.720935e+01 6.720428e+01
36    6.719209e+01 6.719243e+01 6.718903e+01
37    6.717988e+01 6.717893e+01 6.717696e+01
38    6.717021e+01 6.716816e+01 6.716741e+01
39    6.716254e+01 6.715955e+01 6.715985e+01
40    6.715647e+01 6.715266e+01 6.715387e+01
41    6.715165e+01 6.714714e+01 6.714914e+01
42    6.714783e+01 6.714271e+01 6.714540e+01
43    6.714480e+01 6.713916e+01 6.714244e+01
44    6.714239e+01 6.713630e+01 6.714010e+01
45    6.714048e+01 6.713400e+01 6.713825e+01
46    6.713896e+01 6.713214e+01 6.713678e+01
47    6.713776e+01 6.713064e+01 6.713563e+01
48    6.713679e+01 6.712943e+01 6.713471e+01
49    6.713603e+01 6.712845e+01 6.713399e+01
50    6.713542e+01 6.712765e+01 6.713343e+01
51    6.713493e+01 6.712700e+01 6.713298e+01
52    6.713455e+01 6.712648e+01 6.713263e+01
53    6.713424e+01 6.712605e+01 6.713235e+01
54    6.713399e+01 6.712571e+01 6.713214e+01
55    6.713379e+01 6.712542e+01 6.713197e+01
56    6.713363e+01 6.712519e+01 6.713185e+01
1     3.619533e+02 2.811685e+02 3.926879e+02
2     2.185582e+02 2.241938e+02 2.173400e+02
3     1.722510e+02 1.772556e+02 1.719099e+02
4     1.361271e+02 1.400868e+02 1.358742e+02
5     1.076505e+02 1.107666e+02 1.074600e+02
6     8.519582e+01 8.764479e+01 8.505279e+01
7     6.748572e+01 6.940973e+01 6.737908e+01
8     5.351567e+01 5.502695e+01 5.343678e+01
9     4.249441e+01 4.368130e+01 4.243663e+01
10    3.379849e+01 3.473042e+01 3.375664e+01
11    2.693651e+01 2.766811e+01 2.690663e+01
12    2.152111e+01 2.209532e+01 2.150014e+01
13    1.724690e+01 1.769751e+01 1.723250e+01
14    1.387309e+01 1.422663e+01 1.386346e+01
15    1.120976e+01 1.148713e+01 1.120355e+01
16    9.107124e+00 9.324719e+00 9.103304e+00
17    7.447010e+00 7.617735e+00 7.444811e+00
18    6.136194e+00 6.270185e+00 6.135042e+00
19    5.101123e+00 5.206335e+00 5.100593e+00
20    4.283738e+00 4.366425e+00 4.283525e+00
21    3.638229e+00 3.703298e+00 3.638114e+00
22    3.128436e+00 3.179736e+00 3.128266e+00
23    2.725815e+00 2.766363e+00 2.725487e+00
24    2.407860e+00 2.440013e+00 2.407305e+00
25    2.156744e+00 2.182357e+00 2.155928e+00
26    1.958420e+00 1.978941e+00 1.957324e+00
27    1.801790e+00 1.818352e+00 1.800411e+00
28    1.678105e+00 1.691594e+00 1.676448e+00
29    1.580522e+00 1.591634e+00 1.578590e+00
30    1.503486e+00 1.512755e+00 1.501297e+00
31    1.442670e+00 1.450512e+00 1.440243e+00
32    1.394664e+00 1.401402e+00 1.392022e+00
33    1.356774e+00 1.362658e+00 1.353940e+00
34    1.326885e+00 1.332105e+00 1.323879e+00
35    1.303472e+00 1.308170e+00 1.300303e+00
36    1.285013e+00 1.289308e+00 1.281706e+00
37    1.270465e+00 1.274443e+00 1.267040e+00
38    1.259003e+00 1.262728e+00 1.255476e+00
39    1.249974e+00 1.253497e+00 1.246363e+00
40    1.242865e+00 1.246222e+00 1.239185e+00
41    1.237270e+00 1.240489e+00 1.233535e+00
42    1.232868e+00 1.235969e+00 1.229090e+00
43    1.229407e+00 1.232405e+00 1.225596e+00
44    1.226687e+00 1.229593e+00 1.222855e+00
45    1.224551e+00 1.227372e+00 1.220705e+00
46    1.222875e+00 1.225616e+00 1.219024e+00
47    1.221561e+00 1.224227e+00 1.217711e+00
48    1.220532e+00 1.223123e+00 1.216689e+00
49    1.219727e+00 1.222246e+00 1.215897e+00
50    1.219098e+00 1.221545e+00 1.215285e+00
51    1.218607e+00 1.220982e+00 1.214815e+00
52    1.218225e+00 1.220529e+00 1.214458e+00
53    1.217927e+00 1.220160e+00 1.214188e+00
54    1.217697e+00 1.219858e+00 1.213988e+00
55    1.217518e+00 1.219607e+00 1.213842e+00
56    1.217380e+00 1.219398e+00 1.213739e+00
57    1.217274e+00 1.219219e+00 1.213668e+00
58    1.217192e+00 1.219066e+00 1.213624e+00
59    1.217130e+00 1.218932e+00 1.213601e+00
60    1.217082e+00 1.218813e+00 1.213592e+00
61    1.217046e+00 1.218706e+00 1.213596e+00
62    1.217019e+00 1.218608e+00 1.213610e+00
63    1.216999e+00 1.218518e+00 1.213631e+00
64    1.216984e+00 1.218433e+00 1.213657e+00
65    1.216972e+00 1.218353e+00 1.213687e+00
66    1.216964e+00 1.218276e+00 1.213721e+00
67    1.216958e+00 1.218203e+00 1.213756e+00
68    1.216954e+00 1.218131e+00 1.213794e+00
69    1.216951e+00 1.218062e+00 1.213832e+00
70    1.216949e+00 1.217994e+00 1.213871e+00
71    1.216947e+00 1.217929e+00 1.213910e+00
72    1.216946e+00 1.217864e+00 1.213950e+00
73    1.216945e+00 1.217801e+00 1.213990e+00
74    1.216944e+00 1.217738e+00 1.214029e+00
75    1.216944e+00 1.217678e+00 1.214068e+00
76    1.216943e+00 1.217617e+00 1.214107e+00
77    1.216942e+00 1.217558e+00 1.214145e+00
78    1.216942e+00 1.217500e+00 1.214183e+00
79    1.216941e+00 1.217443e+00 1.214221e+00
1     3.619533e+02 2.811685e+02 3.926879e+02
2     2.230079e+02 2.284966e+02 2.217671e+02
3     1.786225e+02 1.835208e+02 1.782551e+02
4     1.440065e+02 1.478942e+02 1.437283e+02
5     1.167080e+02 1.197776e+02 1.164937e+02
6     9.517413e+01 9.759606e+01 9.500962e+01
7     7.818470e+01 8.009579e+01 7.805898e+01
8     6.477888e+01 6.628709e+01 6.468316e+01
9     5.419941e+01 5.539012e+01 5.412690e+01
10    4.584954e+01 4.678995e+01 4.579491e+01
11    3.925870e+01 4.000175e+01 3.921780e+01
12    3.405582e+01 3.464324e+01 3.402542e+01
13    2.994822e+01 3.041289e+01 2.992581e+01
14    2.670504e+01 2.707289e+01 2.668868e+01
15    2.414418e+01 2.443562e+01 2.413235e+01
16    2.212191e+01 2.235306e+01 2.211346e+01
17    2.052585e+01 2.070965e+01 2.051991e+01
18    1.926739e+01 1.941397e+01 1.926331e+01
19    1.827426e+01 1.839117e+01 1.827147e+01
20    1.749041e+01 1.758386e+01 1.748849e+01
21    1.687174e+01 1.694665e+01 1.687038e+01
22    1.638342e+01 1.644367e+01 1.638241e+01
23    1.599801e+01 1.604666e+01 1.599717e+01
24    1.569381e+01 1.573329e+01 1.569303e+01
25    1.545372e+01 1.548593e+01 1.545291e+01
26    1.526423e+01 1.529068e+01 1.526335e+01
27    1.511469e+01 1.513657e+01 1.511368e+01
28    1.499668e+01 1.501492e+01 1.499553e+01
29    1.490356e+01 1.491890e+01 1.490225e+01
30    1.483008e+01 1.484311e+01 1.482862e+01
31    1.477211e+01 1.478329e+01 1.477050e+01
32    1.472638e+01 1.473607e+01 1.472462e+01
33    1.469031e+01 1.469880e+01 1.468841e+01
34    1.466186e+01 1.466939e+01 1.465983e+01
35    1.463943e+01 1.464617e+01 1.463729e+01
36    1.462174e+01 1.462785e+01 1.461950e+01
37    1.460780e+01 1.461338e+01 1.460547e+01
38    1.459682e+01 1.460196e+01 1.459441e+01
39    1.458817e+01 1.459294e+01 1.458569e+01
40    1.458136e+01 1.458582e+01 1.457882e+01
41    1.457600e+01 1.458019e+01 1.457341e+01
42    1.457178e+01 1.457575e+01 1.456915e+01
43    1.456846e+01 1.457223e+01 1.456581e+01
44    1.456585e+01 1.456945e+01 1.456318e+01
45    1.456380e+01 1.456725e+01 1.456111e+01
46    1.456220e+01 1.456550e+01 1.455949e+01
47    1.456094e+01 1.456411e+01 1.455823e+01
48    1.455995e+01 1.456301e+01 1.455724e+01
49    1.455918e+01 1.456213e+01 1.455647e+01
50    1.455857e+01 1.456142e+01 1.455587e+01
51    1.455810e+01 1.456085e+01 1.455541e+01
52    1.455774e+01 1.456039e+01 1.455506e+01
53    1.455745e+01 1.456002e+01 1.455479e+01
54    1.455723e+01 1.455972e+01 1.455459e+01
55    1.455706e+01 1.455946e+01 1.455443e+01
56    1.455693e+01 1.455925e+01 1.455432e+01
57    1.455682e+01 1.455908e+01 1.455424e+01
58    1.455675e+01 1.455892e+01 1.455419e+01
59    1.455669e+01 1.455879e+01 1.455416e+01
60    1.455664e+01 1.455868e+01 1.455414e+01
61    1.455661e+01 1.455858e+01 1.455413e+01
62    1.455658e+01 1.455849e+01 1.455413e+01
63    1.455656e+01 1.455840e+01 1.455414e+01
64    1.455655e+01 1.455833e+01 1.455416e+01
65    1.455654e+01 1.455825e+01 1.455417e+01
66    1.455653e+01 1.455819e+01 1.455420e+01
67    1.455653e+01 1.455812e+01 1.455422e+01
68    1.455652e+01 1.455806e+01 1.455424e+01
1     3.619533e+02 2.811685e+02 3.926879e+02
2     2.298136e+02 2.350663e+02 2.285384e+02
3     1.883330e+02 1.930644e+02 1.879289e+02
4     1.560029e+02 1.597775e+02 1.556910e+02
5     1.304946e+02 1.334914e+02 1.302498e+02
6     1.103632e+02 1.127411e+02 1.101709e+02
7     9.447221e+01 9.636011e+01 9.432124e+01
8     8.193357e+01 8.343674e+01 8.181576e+01
9     7.203892e+01 7.323523e+01 7.194702e+01
10    6.422951e+01 6.518249e+01 6.415788e+01
11    5.806550e+01 5.882556e+01 5.800976e+01
12    5.319998e+01 5.380699e+01 5.315667e+01
13    4.935922e+01 4.984471e+01 4.932561e+01
14    4.632725e+01 4.671618e+01 4.630119e+01
15    4.393364e+01 4.424577e+01 4.391345e+01
16    4.204391e+01 4.229488e+01 4.202827e+01
17    4.055192e+01 4.075415e+01 4.053980e+01
18    3.937391e+01 3.953725e+01 3.936450e+01
19    3.844378e+01 3.857603e+01 3.843644e+01
20    3.770933e+01 3.781670e+01 3.770358e+01
21    3.712939e+01 3.721681e+01 3.712483e+01
22    3.667143e+01 3.674283e+01 3.666777e+01
23    3.630979e+01 3.636830e+01 3.630681e+01
24    3.602420e+01 3.607232e+01 3.602171e+01
25    3.579867e+01 3.583838e+01 3.579654e+01
26    3.562056e+01 3.565347e+01 3.561869e+01
27    3.547990e+01 3.550728e+01 3.547821e+01
28    3.536882e+01 3.539169e+01 3.536725e+01
29    3.528109e+01 3.530028e+01 3.527960e+01
30    3.521180e+01 3.522798e+01 3.521037e+01
31    3.515709e+01 3.517078e+01 3.515568e+01
32    3.511388e+01 3.512552e+01 3.511247e+01
33    3.507976e+01 3.508970e+01 3.507835e+01
34    3.505281e+01 3.506134e+01 3.505140e+01
35    3.503153e+01 3.503888e+01 3.503011e+01
36    3.501473e+01 3.502109e+01 3.501329e+01
37    3.500146e+01 3.500699e+01 3.500001e+01
38    3.499099e+01 3.499581e+01 3.498952e+01
39    3.498272e+01 3.498694e+01 3.498124e+01
40    3.497620e+01 3.497990e+01 3.497470e+01
41    3.497105e+01 3.497431e+01 3.496954e+01
42    3.496698e+01 3.496986e+01 3.496547e+01
43    3.496377e+01 3.496633e+01 3.496226e+01
44    3.496124e+01 3.496351e+01 3.495972e+01
45    3.495925e+01 3.496126e+01 3.495773e+01
46    3.495768e+01 3.495947e+01 3.495615e+01
47    3.495644e+01 3.495803e+01 3.495492e+01
48    3.495546e+01 3.495688e+01 3.495394e+01
49    3.495469e+01 3.495596e+01 3.495318e+01
50    3.495408e+01 3.495522e+01 3.495258e+01
51    3.495360e+01 3.495462e+01 3.495211e+01
52    3.495323e+01 3.495413e+01 3.495175e+01
53    3.495293e+01 3.495373e+01 3.495146e+01
54    3.495270e+01 3.495341e+01 3.495124e+01
55    3.495252e+01 3.495315e+01 3.495107e+01
56    3.495238e+01 3.495293e+01 3.495094e+01
57    3.495227e+01 3.495274e+01 3.495085e+01
58    3.495218e+01 3.495259e+01 3.495077e+01
59    3.495211e+01 3.495246e+01 3.495072e+01
60    3.495206e+01 3.495235e+01 3.495068e+01
61    3.495201e+01 3.495226e+01 3.495065e+01
62    3.495198e+01 3.495218e+01 3.495064e+01
1     3.619533e+02 2.811685e+02 3.926879e+02
2     2.406125e+02 2.454722e+02 2.392912e+02
3     2.036718e+02 2.081191e+02 2.032132e+02
4     1.749307e+02 1.785113e+02 1.745689e+02
5     1.522503e+02 1.551174e+02 1.519603e+02
6     1.343479e+02 1.366433e+02 1.341146e+02
7     1.202146e+02 1.220544e+02 1.200266e+02
8     1.090560e+02 1.105329e+02 1.089043e+02
9     1.002454e+02 1.014328e+02 1.001226e+02
10    9.328826e+01 9.424457e+01 9.318867e+01
11    8.779434e+01 8.856588e+01 8.771334e+01
12    8.345561e+01 8.407920e+01 8.338953e+01
13    8.002895e+01 8.053389e+01 7.997486e+01
14    7.732245e+01 7.773206e+01 7.727801e+01
15    7.518461e+01 7.551750e+01 7.514794e+01
16    7.349585e+01 7.376685e+01 7.346545e+01
17    7.216173e+01 7.238271e+01 7.213639e+01
18    7.110771e+01 7.128816e+01 7.108647e+01
19    7.027491e+01 7.042245e+01 7.025700e+01
20    6.961685e+01 6.973760e+01 6.960165e+01
21    6.909684e+01 6.919571e+01 6.908384e+01
22    6.868587e+01 6.876683e+01 6.867468e+01
23    6.836105e+01 6.842732e+01 6.835134e+01
24    6.810431e+01 6.815846e+01 6.809581e+01
25    6.790135e+01 6.794549e+01 6.789386e+01
26    6.774089e+01 6.777675e+01 6.773423e+01
27    6.761402e+01 6.764298e+01 6.760804e+01
28    6.751369e+01 6.753691e+01 6.750830e+01
29    6.743435e+01 6.745275e+01 6.742943e+01
30    6.737159e+01 6.738596e+01 6.736708e+01
31    6.732195e+01 6.733291e+01 6.731778e+01
32    6.728267e+01 6.729076e+01 6.727879e+01
33    6.725159e+01 6.725725e+01 6.724796e+01
34    6.722699e+01 6.723058e+01 6.722357e+01
35    6.720751e+01 6.720935e+01 6.720428e+01
36    6.719209e+01 6.719243e+01 6.718903e+01
37    6.717988e+01 6.717893e+01 6.717696e+01
38    6.717021e+01 6.716816e+01 6.716741e+01
39    6.716254e+01 6.715955e+01 6.715985e+01
40    6.715647e+01 6.715266e+01 6.715387e+01
41    6.715165e+01 6.714714e+01 6.714914e+01
42    6.714783e+01 6.714271e+01 6.714540e+01
43    6.714480e+01 6.713916e+01 6.714244e+01
44    6.714239e+01 6.713630e+01 6.714010e+01
45    6.714048e+01 6.713400e+01 6.713825e+01
46    6.713896e+01 6.713214e+01 6.713678e+01
47    6.713776e+01 6.713064e+01 6.713563e+01
48    6.713679e+01 6.712943e+01 6.713471e+01
49    6.713603e+01 6.712845e+01 6.713399e+01
50    6.713542e+01 6.712765e+01 6.713343e+01
51    6.713493e+01 6.712700e+01 6.713298e+01
52    6.713455e+01 6.712648e+01 6.713263e+01
53    6.713424e+01 6.712605e+01 6.713235e+01
54    6.713399e+01 6.712571e+01 6.713214e+01
55    6.713379e+01 6.712542e+01 6.713197e+01
56    6.713363e+01 6.712519e+01 6.713185e+01
