1     3.619533e+02 3.272669e+02 3.505254e+02
2     3.466674e+02 3.266731e+02 3.305318e+02
3     3.403097e+02 3.208197e+02 3.259801e+02
4     3.339028e+02 3.150588e+02 3.211636e+02
5     3.276184e+02 3.094669e+02 3.163081e+02
6     3.214685e+02 3.040322e+02 3.114404e+02
7     3.154488e+02 2.987446e+02 3.065702e+02
8     3.095572e+02 2.935956e+02 3.017083e+02
9     3.037917e+02 2.885776e+02 2.968646e+02
10    2.981507e+02 2.836836e+02 2.920476e+02
11    2.926320e+02 2.789076e+02 2.872650e+02
12    2.872338e+02 2.742439e+02 2.825236e+02
13    2.819541e+02 2.696874e+02 2.778291e+02
14    2.767909e+02 2.652336e+02 2.731869e+02
15    2.717423e+02 2.608784e+02 2.686013e+02
16    2.668062e+02 2.566179e+02 2.640762e+02
17    2.619808e+02 2.524489e+02 2.596149e+02
18    2.572640e+02 2.483682e+02 2.552202e+02
19    2.526538e+02 2.443730e+02 2.508945e+02
20    2.481483e+02 2.404606e+02 2.466396e+02
21    2.437456e+02 2.366288e+02 2.424572e+02
22    2.394435e+02 2.328754e+02 2.383485e+02
23    2.352404e+02 2.291983e+02 2.343144e+02
24    2.311341e+02 2.255957e+02 2.303556e+02
25    2.271228e+02 2.220658e+02 2.264725e+02
26    2.232047e+02 2.186069e+02 2.226654e+02
27    2.193778e+02 2.152177e+02 2.189342e+02
28    2.156403e+02 2.118966e+02 2.152789e+02
29    2.119903e+02 2.086423e+02 2.116991e+02
30    2.084261e+02 2.054535e+02 2.081945e+02
31    2.049459e+02 2.023290e+02 2.047644e+02
32    2.015479e+02 1.992675e+02 2.014083e+02
33    1.982304e+02 1.962680e+02 1.981253e+02
34    1.949916e+02 1.933293e+02 1.949147e+02
35    1.918300e+02 1.904505e+02 1.917756e+02
36    1.887437e+02 1.876304e+02 1.887071e+02
37    1.857312e+02 1.848682e+02 1.857080e+02
38    1.827908e+02 1.821627e+02 1.827775e+02
39    1.799211e+02 1.795131e+02 1.799144e+02
40    1.771203e+02 1.769185e+02 1.771176e+02
41    1.743871e+02 1.743778e+02 1.743860e+02
42    1.717198e+02 1.718903e+02 1.717184e+02
43    1.691170e+02 1.694550e+02 1.691137e+02
44    1.665773e+02 1.670710e+02 1.665707e+02
45    1.640992e+02 1.647375e+02 1.640882e+02
46    1.616813e+02 1.624536e+02 1.616650e+02
47    1.593223e+02 1.602185e+02 1.593000e+02
48    1.570207e+02 1.580313e+02 1.569919e+02
49    1.547754e+02 1.558913e+02 1.547396e+02
50    1.525849e+02 1.537975e+02 1.525419e+02
51    1.504480e+02 1.517492e+02 1.503977e+02
52    1.483635e+02 1.497456e+02 1.483058e+02
53    1.463301e+02 1.477858e+02 1.462650e+02
54    1.443467e+02 1.458692e+02 1.442742e+02
55    1.424120e+02 1.439948e+02 1.423324e+02
56    1.405250e+02 1.421620e+02 1.404384e+02
57    1.386845e+02 1.403699e+02 1.385911e+02
58    1.368894e+02 1.386178e+02 1.367894e+02
59    1.351386e+02 1.369050e+02 1.350324e+02
60    1.334311e+02 1.352306e+02 1.333190e+02
61    1.317658e+02 1.335941e+02 1.316481e+02
62    1.301418e+02 1.319946e+02 1.300188e+02
63    1.285580e+02 1.304314e+02 1.284300e+02
64    1.270135e+02 1.289038e+02 1.268809e+02
65    1.255074e+02 1.274111e+02 1.253705e+02
66    1.240386e+02 1.259526e+02 1.238978e+02
67    1.226064e+02 1.245276e+02 1.224620e+02
68    1.212099e+02 1.231355e+02 1.210621e+02
69    1.198481e+02 1.217756e+02 1.196973e+02
70    1.185202e+02 1.204472e+02 1.183668e+02
71    1.172254e+02 1.191497e+02 1.170697e+02
72    1.159629e+02 1.178824e+02 1.158052e+02
73    1.147320e+02 1.166447e+02 1.145724e+02
74    1.135318e+02 1.154360e+02 1.133707e+02
75    1.123615e+02 1.142557e+02 1.121993e+02
76    1.112206e+02 1.131031e+02 1.110573e+02
77    1.101082e+02 1.119777e+02 1.099442e+02
78    1.090236e+02 1.108789e+02 1.088591e+02
79    1.079662e+02 1.098061e+02 1.078013e+02
80    1.069353e+02 1.087588e+02 1.067703e+02
81    1.059302e+02 1.077364e+02 1.057653e+02
82    1.049503e+02 1.067383e+02 1.047857e+02
83    1.039950e+02 1.057640e+02 1.038309e+02
84    1.030637e+02 1.048131e+02 1.029002e+02
85    1.021558e+02 1.038849e+02 1.019930e+02
86    1.012706e+02 1.029789e+02 1.011088e+02
87    1.004077e+02 1.020948e+02 1.002469e+02
88    9.956655e+01 1.012319e+02 9.940685e+01
89    9.874650e+01 1.003898e+02 9.858806e+01
90    9.794708e+01 9.956798e+01 9.779000e+01
91    9.716777e+01 9.876607e+01 9.701214e+01
92    9.640808e+01 9.798356e+01 9.625399e+01
93    9.566751e+01 9.722002e+01 9.551505e+01
94    9.494560e+01 9.647501e+01 9.479483e+01
95    9.424187e+01 9.574811e+01 9.409286e+01
96    9.355587e+01 9.503888e+01 9.340868e+01
97    9.288716e+01 9.434693e+01 9.274184e+01
98    9.223531e+01 9.367186e+01 9.209191e+01
99    9.159989e+01 9.301326e+01 9.145845e+01
100   9.098051e+01 9.237076e+01 9.084106e+01
101   9.037675e+01 9.174397e+01 9.023933e+01
102   8.978822e+01 9.113253e+01 8.965286e+01
103   8.921455e+01 9.053608e+01 8.908126e+01
104   8.865536e+01 8.995427e+01 8.852416e+01
105   8.811029e+01 8.938674e+01 8.798120e+01
106   8.757898e+01 8.883315e+01 8.745201e+01
107   8.706110e+01 8.829319e+01 8.693625e+01
108   8.655629e+01 8.776651e+01 8.643357e+01
109   8.606424e+01 8.725281e+01 8.594365e+01
110   8.558463e+01 8.675178e+01 8.546617e+01
111   8.511714e+01 8.626311e+01 8.500080e+01
112   8.466146e+01 8.578650e+01 8.454724e+01
113   8.421731e+01 8.532167e+01 8.410519e+01
114   8.378439e+01 8.486834e+01 8.367436e+01
115   8.336241e+01 8.442621e+01 8.325447e+01
116   8.295111e+01 8.399504e+01 8.284524e+01
117   8.255021e+01 8.357454e+01 8.244639e+01
118   8.215946e+01 8.316446e+01 8.205767e+01
119   8.177859e+01 8.276455e+01 8.167881e+01
120   8.140736e+01 8.237457e+01 8.130958e+01
121   8.104552e+01 8.199426e+01 8.094971e+01
122   8.069285e+01 8.162340e+01 8.059898e+01
123   8.034910e+01 8.126175e+01 8.025716e+01
124   8.001405e+01 8.090910e+01 7.992401e+01
125   7.968748e+01 8.056521e+01 7.959932e+01
126   7.936918e+01 8.022988e+01 7.928288e+01
127   7.905895e+01 7.990289e+01 7.897447e+01
128   7.875656e+01 7.958405e+01 7.867388e+01
129   7.846184e+01 7.927314e+01 7.838093e+01
130   7.817458e+01 7.896999e+01 7.809542e+01
131   7.789460e+01 7.867439e+01 7.781715e+01
132   7.762171e+01 7.838616e+01 7.754595e+01
133   7.735573e+01 7.810511e+01 7.728164e+01
134   7.709649e+01 7.783108e+01 7.702403e+01
135   7.684382e+01 7.756389e+01 7.677297e+01
136   7.659755e+01 7.730337e+01 7.652828e+01
137   7.635752e+01 7.704935e+01 7.628980e+01
138   7.612357e+01 7.680168e+01 7.605737e+01
139   7.589555e+01 7.656019e+01 7.583085e+01
140   7.567331e+01 7.632474e+01 7.561008e+01
141   7.545671e+01 7.609518e+01 7.539491e+01
142   7.524559e+01 7.587135e+01 7.518520e+01
143   7.503982e+01 7.565312e+01 7.498082e+01
144   7.483927e+01 7.544034e+01 7.478163e+01
145   7.464380e+01 7.523289e+01 7.458749e+01
146   7.445329e+01 7.503063e+01 7.439828e+01
147   7.426761e+01 7.483342e+01 7.421388e+01
148   7.408663e+01 7.464116e+01 7.403416e+01
149   7.391024e+01 7.445370e+01 7.385899e+01
150   7.373833e+01 7.427094e+01 7.368828e+01
151   7.357077e+01 7.409275e+01 7.352190e+01
152   7.340746e+01 7.391902e+01 7.335974e+01
153   7.324829e+01 7.374964e+01 7.320170e+01
154   7.309316e+01 7.358451e+01 7.304767e+01
155   7.294196e+01 7.342351e+01 7.289755e+01
156   7.279459e+01 7.326654e+01 7.275124e+01
157   7.265096e+01 7.311350e+01 7.260864e+01
158   7.251097e+01 7.296430e+01 7.246967e+01
159   7.237454e+01 7.281884e+01 7.233422e+01
160   7.224156e+01 7.267702e+01 7.220221e+01
161   7.211195e+01 7.253875e+01 7.207355e+01
162   7.198563e+01 7.240395e+01 7.194815e+01
163   7.186252e+01 7.227252e+01 7.182594e+01
164   7.174252e+01 7.214439e+01 7.170683e+01
165   7.162557e+01 7.201947e+01 7.159074e+01
166   7.151158e+01 7.189768e+01 7.147760e+01
167   7.140049e+01 7.177894e+01 7.136733e+01
168   7.129221e+01 7.166318e+01 7.125986e+01
169   7.118668e+01 7.155032e+01 7.115512e+01
170   7.108383e+01 7.144028e+01 7.105303e+01
171   7.098358e+01 7.133301e+01 7.095353e+01
172   7.088587e+01 7.122842e+01 7.085656e+01
173   7.079065e+01 7.112645e+01 7.076205e+01
174   7.069784e+01 7.102704e+01 7.066994e+01
175   7.060738e+01 7.093012e+01 7.058017e+01
176   7.051921e+01 7.083562e+01 7.049267e+01
177   7.043329e+01 7.074350e+01 7.040740e+01
178   7.034954e+01 7.065368e+01 7.032429e+01
179   7.026791e+01 7.056612e+01 7.024328e+01
180   7.018836e+01 7.048074e+01 7.016434e+01
181   7.011082e+01 7.039751e+01 7.008739e+01
182   7.003525e+01 7.031636e+01 7.001240e+01
183   6.996160e+01 7.023725e+01 6.993931e+01
184   6.988981e+01 7.016011e+01 6.986808e+01
185   6.981984e+01 7.008491e+01 6.979865e+01
186   6.975165e+01 7.001159e+01 6.973098e+01
187   6.968519e+01 6.994011e+01 6.966503e+01
188   6.962041e+01 6.987041e+01 6.960076e+01
189   6.955728e+01 6.980247e+01 6.953811e+01
190   6.949575e+01 6.973622e+01 6.947705e+01
191   6.943578e+01 6.967163e+01 6.941755e+01
192   6.937732e+01 6.960866e+01 6.935955e+01
193   6.932035e+01 6.954726e+01 6.930302e+01
194   6.926483e+01 6.948740e+01 6.924793e+01
195   6.921071e+01 6.942904e+01 6.919423e+01
196   6.915797e+01 6.937214e+01 6.914190e+01
197   6.910656e+01 6.931666e+01 6.909089e+01
198   6.905646e+01 6.926257e+01 6.904118e+01
199   6.900763e+01 6.920984e+01 6.899273e+01
200   6.896003e+01 6.915842e+01 6.894551e+01
201   6.891365e+01 6.910829e+01 6.889949e+01
202   6.886843e+01 6.905941e+01 6.885463e+01
203   6.882437e+01 6.901175e+01 6.881091e+01
204   6.878142e+01 6.896529e+01 6.876830e+01
205   6.873956e+01 6.891998e+01 6.872677e+01
206   6.869877e+01 6.887581e+01 6.868629e+01
207   6.865901e+01 6.883274e+01 6.864684e+01
208   6.862025e+01 6.879075e+01 6.860839e+01
209   6.858248e+01 6.874980e+01 6.857092e+01
210   6.854567e+01 6.870988e+01 6.853440e+01
211   6.850979e+01 6.867096e+01 6.849880e+01
212   6.847481e+01 6.863301e+01 6.846410e+01
213   6.844073e+01 6.859600e+01 6.843029e+01
214   6.840751e+01 6.855992e+01 6.839733e+01
215   6.837513e+01 6.852474e+01 6.836521e+01
216   6.834358e+01 6.849044e+01 6.833390e+01
217   6.831282e+01 6.845699e+01 6.830339e+01
218   6.828284e+01 6.842437e+01 6.827365e+01
219   6.825363e+01 6.839257e+01 6.824466e+01
220   6.822515e+01 6.836157e+01 6.821641e+01
221   6.819740e+01 6.833133e+01 6.818888e+01
222   6.817035e+01 6.830185e+01 6.816204e+01
223   6.814398e+01 6.827310e+01 6.813589e+01
224   6.811828e+01 6.824507e+01 6.811039e+01
225   6.809324e+01 6.821774e+01 6.808555e+01
226   6.806883e+01 6.819109e+01 6.806133e+01
227   6.804504e+01 6.816510e+01 6.803773e+01
228   6.802185e+01 6.813976e+01 6.801472e+01
229   6.799925e+01 6.811505e+01 6.799230e+01
230   6.797722e+01 6.809095e+01 6.797045e+01
231   6.795575e+01 6.806746e+01 6.794915e+01
232   6.793483e+01 6.804455e+01 6.792839e+01
233   6.791443e+01 6.802220e+01 6.790816e+01
234   6.789455e+01 6.800042e+01 6.788844e+01
235   6.787518e+01 6.797917e+01 6.786922e+01
236   6.785630e+01 6.795845e+01 6.785049e+01
237   6.783789e+01 6.793825e+01 6.783223e+01
238   6.781996e+01 6.791855e+01 6.781444e+01
239   6.780247e+01 6.789933e+01 6.779709e+01
240   6.778543e+01 6.788060e+01 6.778019e+01
241   6.776882e+01 6.786233e+01 6.776371e+01
242   6.775264e+01 6.784451e+01 6.774766e+01
243   6.773686e+01 6.782714e+01 6.773200e+01
244   6.772148e+01 6.781019e+01 6.771675e+01
245   6.770650e+01 6.779367e+01 6.770188e+01
246   6.769189e+01 6.777755e+01 6.768739e+01
247   6.767765e+01 6.776184e+01 6.767327e+01
248   6.766377e+01 6.774651e+01 6.765950e+01
249   6.765025e+01 6.773156e+01 6.764608e+01
250   6.763707e+01 6.771698e+01 6.763301e+01
251   6.762422e+01 6.770277e+01 6.762026e+01
252   6.761170e+01 6.768890e+01 6.760784e+01
253   6.759949e+01 6.767538e+01 6.759573e+01
254   6.758760e+01 6.766219e+01 6.758393e+01
255   6.757600e+01 6.764933e+01 6.757243e+01
256   6.756470e+01 6.763679e+01 6.756122e+01
257   6.755369e+01 6.762456e+01 6.755029e+01
258   6.754295e+01 6.761262e+01 6.753964e+01
259   6.753249e+01 6.760099e+01 6.752926e+01
260   6.752229e+01 6.758964e+01 6.751915e+01
261   6.751235e+01 6.757857e+01 6.750929e+01
262   6.750266e+01 6.756777e+01 6.749968e+01
263   6.749322e+01 6.755724e+01 6.749031e+01
264   6.748402e+01 6.754697e+01 6.748118e+01
265   6.747505e+01 6.753695e+01 6.747228e+01
266   6.746630e+01 6.752718e+01 6.746361e+01
267   6.745778e+01 6.751765e+01 6.745515e+01
268   6.744948e+01 6.750835e+01 6.744692e+01
269   6.744138e+01 6.749929e+01 6.743889e+01
270   6.743349e+01 6.749044e+01 6.743106e+01
271   6.742580e+01 6.748181e+01 6.742343e+01
272   6.741831e+01 6.747340e+01 6.741599e+01
273   6.741100e+01 6.746519e+01 6.740875e+01
274   6.740388e+01 6.745718e+01 6.740168e+01
275   6.739694e+01 6.744937e+01 6.739480e+01
276   6.739018e+01 6.744175e+01 6.738809e+01
277   6.738358e+01 6.743432e+01 6.738155e+01
278   6.737716e+01 6.742707e+01 6.737518e+01
279   6.737089e+01 6.742000e+01 6.736896e+01
280   6.736479e+01 6.741310e+01 6.736291e+01
281   6.735884e+01 6.740637e+01 6.735700e+01
282   6.735304e+01 6.739981e+01 6.735125e+01
283   6.734739e+01 6.739340e+01 6.734564e+01
284   6.734188e+01 6.738716e+01 6.734018e+01
285   6.733651e+01 6.738106e+01 6.733485e+01
286   6.733128e+01 6.737512e+01 6.732966e+01
287   6.732617e+01 6.736931e+01 6.732460e+01
288   6.732120e+01 6.736366e+01 6.731967e+01
289   6.731636e+01 6.735813e+01 6.731486e+01
290   6.731163e+01 6.735275e+01 6.731018e+01
291   6.730703e+01 6.734749e+01 6.730561e+01
292   6.730254e+01 6.734237e+01 6.730116e+01
293   6.729817e+01 6.733736e+01 6.729682e+01
294   6.729391e+01 6.733248e+01 6.729259e+01
295   6.728975e+01 6.732772e+01 6.728847e+01
296   6.728570e+01 6.732308e+01 6.728445e+01
297   6.728176e+01 6.731854e+01 6.728054e+01
298   6.727791e+01 6.731412e+01 6.727672e+01
299   6.727416e+01 6.730981e+01 6.727300e+01
300   6.727050e+01 6.730559e+01 6.726938e+01
301   6.726694e+01 6.730149e+01 6.726584e+01
302   6.726347e+01 6.729748e+01 6.726240e+01
303   6.726009e+01 6.729357e+01 6.725904e+01
304   6.725679e+01 6.728975e+01 6.725577e+01
305   6.725357e+01 6.728602e+01 6.725258e+01
306   6.725044e+01 6.728239e+01 6.724947e+01
307   6.724739e+01 6.727884e+01 6.724644e+01
308   6.724441e+01 6.727538e+01 6.724349e+01
309   6.724151e+01 6.727201e+01 6.724061e+01
310   6.723868e+01 6.726871e+01 6.723781e+01
311   6.723592e+01 6.726549e+01 6.723507e+01
312   6.723324e+01 6.726235e+01 6.723241e+01
313   6.723062e+01 6.725929e+01 6.722981e+01
314   6.722807e+01 6.725630e+01 6.722728e+01
315   6.722558e+01 6.725339e+01 6.722481e+01
316   6.722315e+01 6.725054e+01 6.722241e+01
317   6.722079e+01 6.724776e+01 6.722006e+01
318   6.721849e+01 6.724505e+01 6.721778e+01
319   6.721624e+01 6.724240e+01 6.721555e+01
320   6.721405e+01 6.723982e+01 6.721338e+01
321   6.721192e+01 6.723730e+01 6.721126e+01
322   6.720984e+01 6.723484e+01 6.720920e+01
323   6.720782e+01 6.723243e+01 6.720719e+01
324   6.720584e+01 6.723009e+01 6.720523e+01
325   6.720392e+01 6.722780e+01 6.720332e+01
326   6.720204e+01 6.722557e+01 6.720146e+01
327   6.720021e+01 6.722339e+01 6.719965e+01
328   6.719843e+01 6.722126e+01 6.719788e+01
329   6.719669e+01 6.721918e+01 6.719615e+01
330   6.719500e+01 6.721715e+01 6.719447e+01
331   6.719335e+01 6.721517e+01 6.719284e+01
332   6.719174e+01 6.721324e+01 6.719124e+01
333   6.719017e+01 6.721135e+01 6.718969e+01
334   6.718864e+01 6.720951e+01 6.718817e+01
335   6.718715e+01 6.720772e+01 6.718669e+01
336   6.718570e+01 6.720596e+01 6.718525e+01
337   6.718428e+01 6.720425e+01 6.718385e+01
338   6.718290e+01 6.720257e+01 6.718248e+01
339   6.718156e+01 6.720094e+01 6.718114e+01
340   6.718025e+01 6.719935e+01 6.717984e+01
341   6.717897e+01 6.719779e+01 6.717858e+01
342   6.717773e+01 6.719627e+01 6.717734e+01
343   6.717651e+01 6.719478e+01 6.717614e+01
344   6.717533e+01 6.719333e+01 6.717497e+01
345   6.717418e+01 6.719192e+01 6.717382e+01
346   6.717305e+01 6.719054e+01 6.717271e+01
347   6.717196e+01 6.718919e+01 6.717162e+01
348   6.717089e+01 6.718787e+01 6.717056e+01
349   6.716985e+01 6.718658e+01 6.716953e+01
350   6.716884e+01 6.718533e+01 6.716852e+01
351   6.716785e+01 6.718410e+01 6.716754e+01
352   6.716688e+01 6.718290e+01 6.716659e+01
353   6.716594e+01 6.718173e+01 6.716565e+01
354   6.716503e+01 6.718059e+01 6.716475e+01
355   6.716414e+01 6.717947e+01 6.716386e+01
356   6.716327e+01 6.717838e+01 6.716300e+01
357   6.716242e+01 6.717732e+01 6.716216e+01
358   6.716159e+01 6.717628e+01 6.716134e+01
359   6.716079e+01 6.717526e+01 6.716054e+01
360   6.716000e+01 6.717427e+01 6.715976e+01
361   6.715924e+01 6.717330e+01 6.715900e+01
362   6.715849e+01 6.717235e+01 6.715826e+01
363   6.715776e+01 6.717143e+01 6.715754e+01
364   6.715706e+01 6.717053e+01 6.715684e+01
365   6.715637e+01 6.716964e+01 6.715615e+01
366   6.715569e+01 6.716878e+01 6.715549e+01
367   6.715504e+01 6.716794e+01 6.715483e+01
368   6.715440e+01 6.716712e+01 6.715420e+01
369   6.715377e+01 6.716631e+01 6.715358e+01
370   6.715317e+01 6.716553e+01 6.715298e+01
371   6.715257e+01 6.716476e+01 6.715239e+01
372   6.715200e+01 6.716401e+01 6.715182e+01
373   6.715143e+01 6.716328e+01 6.715126e+01
374   6.715089e+01 6.716256e+01 6.715072e+01
375   6.715035e+01 6.716187e+01 6.715019e+01
376   6.714983e+01 6.716118e+01 6.714967e+01
377   6.714932e+01 6.716052e+01 6.714917e+01
378   6.714883e+01 6.715986e+01 6.714867e+01
379   6.714835e+01 6.715923e+01 6.714820e+01
380   6.714787e+01 6.715860e+01 6.714773e+01
381   6.714742e+01 6.715799e+01 6.714728e+01
382   6.714697e+01 6.715740e+01 6.714683e+01
383   6.714653e+01 6.715682e+01 6.714640e+01
384   6.714611e+01 6.715625e+01 6.714598e+01
385   6.714570e+01 6.715570e+01 6.714557e+01
386   6.714529e+01 6.715515e+01 6.714517e+01
387   6.714490e+01 6.715462e+01 6.714478e+01
388   6.714452e+01 6.715410e+01 6.714440e+01
389   6.714414e+01 6.715360e+01 6.714403e+01
390   6.714378e+01 6.715310e+01 6.714367e+01
391   6.714342e+01 6.715262e+01 6.714332e+01
392   6.714308e+01 6.715215e+01 6.714297e+01
393   6.714274e+01 6.715168e+01 6.714264e+01
394   6.714241e+01 6.715123e+01 6.714231e+01
395   6.714209e+01 6.715079e+01 6.714199e+01
396   6.714178e+01 6.715036e+01 6.714168e+01
397   6.714148e+01 6.714993e+01 6.714138e+01
398   6.714118e+01 6.714952e+01 6.714109e+01
399   6.714089e+01 6.714912e+01 6.714080e+01
400   6.714061e+01 6.714872e+01 6.714052e+01
401   6.714033e+01 6.714834e+01 6.714025e+01
402   6.714007e+01 6.714796e+01 6.713998e+01
403   6.713981e+01 6.714759e+01 6.713973e+01
404   6.713955e+01 6.714723e+01 6.713947e+01
405   6.713930e+01 6.714687e+01 6.713923e+01
406   6.713906e+01 6.714653e+01 6.713899e+01
407   6.713883e+01 6.714619e+01 6.713875e+01
408   6.713860e+01 6.714586e+01 6.713853e+01
409   6.713837e+01 6.714554e+01 6.713830e+01
410   6.713816e+01 6.714522e+01 6.713809e+01
411   6.713794e+01 6.714491e+01 6.713788e+01
412   6.713774e+01 6.714461e+01 6.713767e+01
413   6.713753e+01 6.714431e+01 6.713747e+01
414   6.713734e+01 6.714402e+01 6.713728e+01
415   6.713714e+01 6.714374e+01 6.713709e+01
416   6.713696e+01 6.714346e+01 6.713690e+01
417   6.713678e+01 6.714319e+01 6.713672e+01
418   6.713660e+01 6.714293e+01 6.713654e+01
419   6.713642e+01 6.714267e+01 6.713637e+01
420   6.713626e+01 6.714242e+01 6.713620e+01
421   6.713609e+01 6.714217e+01 6.713604e+01
422   6.713593e+01 6.714193e+01 6.713588e+01
423   6.713577e+01 6.714169e+01 6.713573e+01
424   6.713562e+01 6.714146e+01 6.713557e+01
425   6.713547e+01 6.714123e+01 6.713543e+01
426   6.713533e+01 6.714101e+01 6.713528e+01
427   6.713519e+01 6.714079e+01 6.713514e+01
428   6.713505e+01 6.714057e+01 6.713501e+01
429   6.713492e+01 6.714037e+01 6.713487e+01
430   6.713478e+01 6.714016e+01 6.713474e+01
431   6.713466e+01 6.713996e+01 6.713462e+01
432   6.713453e+01 6.713977e+01 6.713449e+01
433   6.713441e+01 6.713957e+01 6.713437e+01
434   6.713429e+01 6.713939e+01 6.713426e+01
435   6.713418e+01 6.713920e+01 6.713414e+01
436   6.713407e+01 6.713902e+01 6.713403e+01
437   6.713396e+01 6.713885e+01 6.713392e+01
438   6.713385e+01 6.713868e+01 6.713382e+01
439   6.713375e+01 6.713851e+01 6.713372e+01
440   6.713365e+01 6.713834e+01 6.713362e+01
441   6.713355e+01 6.713818e+01 6.713352e+01
442   6.713345e+01 6.713802e+01 6.713342e+01
443   6.713336e+01 6.713787e+01 6.713333e+01
444   6.713327e+01 6.713772e+01 6.713324e+01
445   6.713318e+01 6.713757e+01 6.713315e+01
446   6.713309e+01 6.713742e+01 6.713306e+01
447   6.713301e+01 6.713728e+01 6.713298e+01
448   6.713292e+01 6.713714e+01 6.713290e+01
449   6.713284e+01 6.713700e+01 6.713282e+01
450   6.713276e+01 6.713687e+01 6.713274e+01
451   6.713269e+01 6.713674e+01 6.713267e+01
452   6.713261e+01 6.713661e+01 6.713259e+01
453   6.713254e+01 6.713648e+01 6.713252e+01
454   6.713247e+01 6.713636e+01 6.713245e+01
455   6.713240e+01 6.713624e+01 6.713238e+01
456   6.713233e+01 6.713612e+01 6.713231e+01
457   6.713227e+01 6.713601e+01 6.713225e+01
458   6.713221e+01 6.713589e+01 6.713219e+01
459   6.713214e+01 6.713578e+01 6.713212e+01
460   6.713208e+01 6.713567e+01 6.713206e+01
461   6.713202e+01 6.713556e+01 6.713201e+01
462   6.713197e+01 6.713546e+01 6.713195e+01
463   6.713191e+01 6.713536e+01 6.713189e+01
464   6.713185e+01 6.713526e+01 6.713184e+01
465   6.713180e+01 6.713516e+01 6.713179e+01
466   6.713175e+01 6.713506e+01 6.713173e+01
467   6.713170e+01 6.713497e+01 6.713168e+01
468   6.713165e+01 6.713487e+01 6.713163e+01
469   6.713160e+01 6.713478e+01 6.713159e+01
470   6.713155e+01 6.713469e+01 6.713154e+01
471   6.713151e+01 6.713461e+01 6.713149e+01
472   6.713146e+01 6.713452e+01 6.713145e+01
473   6.713142e+01 6.713444e+01 6.713141e+01
474   6.713138e+01 6.713436e+01 6.713136e+01
475   6.713134e+01 6.713427e+01 6.713132e+01
476   6.713130e+01 6.713420e+01 6.713128e+01
477   6.713126e+01 6.713412e+01 6.713125e+01
478   6.713122e+01 6.713404e+01 6.713121e+01
479   6.713118e+01 6.713397e+01 6.713117e+01
480   6.713115e+01 6.713389e+01 6.713113e+01
481   6.713111e+01 6.713382e+01 6.713110e+01
482   6.713108e+01 6.713375e+01 6.713106e+01
483   6.713104e+01 6.713368e+01 6.713103e+01
