1     3.619533e+02 3.111649e+02 3.773547e+02
2     2.835843e+02 2.815209e+02 2.794214e+02
3     2.529719e+02 2.512897e+02 2.495252e+02
4     2.257221e+02 2.242533e+02 2.227297e+02
5     2.015937e+02 2.002904e+02 1.989976e+02
6     1.802266e+02 1.790667e+02 1.779767e+02
7     1.613019e+02 1.602695e+02 1.593544e+02
8     1.445398e+02 1.436212e+02 1.428564e+02
9     1.296928e+02 1.288756e+02 1.282398e+02
10    1.165419e+02 1.158151e+02 1.152896e+02
11    1.048930e+02 1.042469e+02 1.038155e+02
12    9.457433e+01 9.400036e+01 9.364895e+01
13    8.543382e+01 8.492425e+01 8.464060e+01
14    7.733681e+01 7.688486e+01 7.665835e+01
15    7.016436e+01 6.976431e+01 6.958559e+01
16    6.381079e+01 6.345703e+01 6.331831e+01
17    5.818247e+01 5.787016e+01 5.776460e+01
18    5.319658e+01 5.292139e+01 5.284310e+01
19    4.877975e+01 4.853781e+01 4.848173e+01
20    4.486701e+01 4.465487e+01 4.461667e+01
21    4.140080e+01 4.121539e+01 4.119136e+01
22    3.833015e+01 3.816871e+01 3.815571e+01
23    3.560992e+01 3.546999e+01 3.546535e+01
24    3.320011e+01 3.307948e+01 3.308095e+01
25    3.106530e+01 3.096201e+01 3.096768e+01
26    2.917411e+01 2.908639e+01 2.909468e+01
27    2.749876e+01 2.742502e+01 2.743461e+01
28    2.601460e+01 2.595343e+01 2.596325e+01
29    2.469985e+01 2.464996e+01 2.465912e+01
30    2.353516e+01 2.349542e+01 2.350320e+01
31    2.250343e+01 2.247281e+01 2.247865e+01
32    2.158983e+01 2.156751e+01 2.157088e+01
33    2.078153e+01 2.076689e+01 2.076729e+01
34    2.006582e+01 2.005796e+01 2.005527e+01
35    1.943205e+01 1.943027e+01 1.942433e+01
36    1.887088e+01 1.887455e+01 1.886525e+01
37    1.837399e+01 1.838255e+01 1.836985e+01
38    1.793406e+01 1.794699e+01 1.793089e+01
39    1.754456e+01 1.756139e+01 1.754195e+01
40    1.719973e+01 1.722006e+01 1.719732e+01
41    1.689447e+01 1.691790e+01 1.689197e+01
42    1.662424e+01 1.665044e+01 1.662143e+01
43    1.638504e+01 1.641371e+01 1.638174e+01
44    1.617332e+01 1.620417e+01 1.616938e+01
45    1.598594e+01 1.601872e+01 1.598125e+01
46    1.582011e+01 1.585458e+01 1.581460e+01
47    1.567336e+01 1.570932e+01 1.566697e+01
48    1.554350e+01 1.558077e+01 1.553620e+01
49    1.542860e+01 1.546700e+01 1.542038e+01
50    1.532695e+01 1.536633e+01 1.531781e+01
51    1.523703e+01 1.527724e+01 1.522697e+01
52    1.515749e+01 1.519841e+01 1.514653e+01
53    1.508714e+01 1.512866e+01 1.507531e+01
54    1.502493e+01 1.506693e+01 1.501226e+01
55    1.496991e+01 1.501231e+01 1.495645e+01
56    1.492127e+01 1.496398e+01 1.490705e+01
57    1.487827e+01 1.492121e+01 1.486334e+01
58    1.484027e+01 1.488337e+01 1.482467e+01
59    1.480668e+01 1.484987e+01 1.479046e+01
60    1.477700e+01 1.482023e+01 1.476020e+01
61    1.475078e+01 1.479399e+01 1.473345e+01
62    1.472762e+01 1.477077e+01 1.470981e+01
63    1.470716e+01 1.475021e+01 1.468892e+01
64    1.468910e+01 1.473200e+01 1.467046e+01
65    1.467315e+01 1.471588e+01 1.465417e+01
66    1.465908e+01 1.470159e+01 1.463979e+01
67    1.464666e+01 1.468894e+01 1.462710e+01
68    1.463571e+01 1.467772e+01 1.461592e+01
69    1.462605e+01 1.466777e+01 1.460606e+01
70    1.461753e+01 1.465894e+01 1.459739e+01
71    1.461002e+01 1.465111e+01 1.458975e+01
72    1.460341e+01 1.464415e+01 1.458304e+01
73    1.459758e+01 1.463796e+01 1.457714e+01
74    1.459245e+01 1.463246e+01 1.457197e+01
75    1.458794e+01 1.462757e+01 1.456744e+01
76    1.458397e+01 1.462320e+01 1.456348e+01
77    1.458047e+01 1.461931e+01 1.456002e+01
78    1.457740e+01 1.461583e+01 1.455700e+01
79    1.457470e+01 1.461272e+01 1.455437e+01
80    1.457234e+01 1.460994e+01 1.455209e+01
81    1.457026e+01 1.460744e+01 1.455011e+01
82    1.456843e+01 1.460519e+01 1.454841e+01
83    1.456684e+01 1.460316e+01 1.454695e+01
84    1.456544e+01 1.460133e+01 1.454569e+01
85    1.456421e+01 1.459968e+01 1.454463e+01
86    1.456314e+01 1.459817e+01 1.454373e+01
87    1.456220e+01 1.459681e+01 1.454297e+01
88    1.456139e+01 1.459556e+01 1.454234e+01
89    1.456068e+01 1.459442e+01 1.454182e+01
90    1.456005e+01 1.459337e+01 1.454140e+01
91    1.455951e+01 1.459240e+01 1.454107e+01
92    1.455905e+01 1.459150e+01 1.454082e+01
93    1.455864e+01 1.459067e+01 1.454063e+01
94    1.455829e+01 1.458990e+01 1.454050e+01
95    1.455798e+01 1.458917e+01 1.454042e+01
96    1.455772e+01 1.458849e+01 1.454038e+01
97    1.455749e+01 1.458785e+01 1.454039e+01
98    1.455729e+01 1.458725e+01 1.454043e+01
99    1.455713e+01 1.458668e+01 1.454050e+01
100   1.455698e+01 1.458613e+01 1.454059e+01
101   1.455686e+01 1.458561e+01 1.454070e+01
102   1.455676e+01 1.458511e+01 1.454084e+01
103   1.455667e+01 1.458464e+01 1.454099e+01
104   1.455660e+01 1.458418e+01 1.454115e+01
105   1.455653e+01 1.458373e+01 1.454133e+01
106   1.455648e+01 1.458330e+01 1.454151e+01
107   1.455644e+01 1.458289e+01 1.454170e+01
108   1.455640e+01 1.458248e+01 1.454190e+01
109   1.455637e+01 1.458209e+01 1.454211e+01
110   1.455635e+01 1.458170e+01 1.454231e+01
111   1.455633e+01 1.458133e+01 1.454253e+01
112   1.455632e+01 1.458096e+01 1.454274e+01
113   1.455631e+01 1.458061e+01 1.454295e+01
114   1.455630e+01 1.458025e+01 1.454317e+01
115   1.455629e+01 1.457991e+01 1.454339e+01
116   1.455629e+01 1.457957e+01 1.454360e+01
117   1.455629e+01 1.457924e+01 1.454382e+01
118   1.455629e+01 1.457892e+01 1.454403e+01
119   1.455629e+01 1.457860e+01 1.454424e+01
120   1.455629e+01 1.457828e+01 1.454446e+01
121   1.455629e+01 1.457797e+01 1.454466e+01
122   1.455630e+01 1.457767e+01 1.454487e+01
123   1.455630e+01 1.457737e+01 1.454508e+01
124   1.455630e+01 1.457707e+01 1.454528e+01
125   1.455631e+01 1.457678e+01 1.454548e+01
126   1.455631e+01 1.457650e+01 1.454568e+01
