1     3.619533e+02 3.111649e+02 3.773547e+02
2     2.872894e+02 2.851247e+02 2.830985e+02
3     2.586089e+02 2.568189e+02 2.551167e+02
4     2.330825e+02 2.315039e+02 2.300324e+02
5     2.104744e+02 2.090598e+02 2.078115e+02
6     1.904484e+02 1.891769e+02 1.881251e+02
7     1.727069e+02 1.715634e+02 1.706815e+02
8     1.569889e+02 1.559601e+02 1.552247e+02
9     1.430633e+02 1.421374e+02 1.415280e+02
10    1.307253e+02 1.298919e+02 1.293906e+02
11    1.197939e+02 1.190436e+02 1.186347e+02
12    1.101096e+02 1.094353e+02 1.091045e+02
13    1.015306e+02 1.009248e+02 1.006607e+02
14    9.393049e+01 9.338614e+01 9.317863e+01
15    8.719741e+01 8.670844e+01 8.654858e+01
16    8.123247e+01 8.079344e+01 8.067348e+01
17    7.594803e+01 7.555406e+01 7.546732e+01
18    7.126648e+01 7.091320e+01 7.085388e+01
19    6.711903e+01 6.680251e+01 6.676563e+01
20    6.344478e+01 6.316148e+01 6.314276e+01
21    6.018973e+01 5.993648e+01 5.993225e+01
22    5.730609e+01 5.708003e+01 5.708715e+01
23    5.475148e+01 5.455005e+01 5.456585e+01
24    5.248839e+01 5.230926e+01 5.233147e+01
25    5.048356e+01 5.032465e+01 5.035135e+01
26    4.870754e+01 4.856697e+01 4.859655e+01
27    4.713423e+01 4.701029e+01 4.704141e+01
28    4.574052e+01 4.563167e+01 4.566321e+01
29    4.450591e+01 4.441078e+01 4.444181e+01
30    4.341226e+01 4.332959e+01 4.335938e+01
31    4.244350e+01 4.237215e+01 4.240009e+01
32    4.158538e+01 4.152431e+01 4.154993e+01
33    4.082527e+01 4.077357e+01 4.079649e+01
34    4.015200e+01 4.010881e+01 4.012876e+01
35    3.955566e+01 3.952022e+01 3.953700e+01
36    3.902748e+01 3.899908e+01 3.901256e+01
37    3.855967e+01 3.853768e+01 3.854779e+01
38    3.814535e+01 3.812920e+01 3.813590e+01
39    3.777842e+01 3.776757e+01 3.777087e+01
40    3.745345e+01 3.744745e+01 3.744738e+01
41    3.716568e+01 3.716407e+01 3.716070e+01
42    3.691084e+01 3.691323e+01 3.690665e+01
43    3.668518e+01 3.669121e+01 3.668152e+01
44    3.648537e+01 3.649470e+01 3.648202e+01
45    3.630846e+01 3.632079e+01 3.630524e+01
46    3.615182e+01 3.616688e+01 3.614859e+01
47    3.601315e+01 3.603067e+01 3.600978e+01
48    3.589038e+01 3.591014e+01 3.588679e+01
49    3.578171e+01 3.580350e+01 3.577782e+01
50    3.568551e+01 3.570913e+01 3.568128e+01
51    3.560037e+01 3.562564e+01 3.559575e+01
52    3.552502e+01 3.555178e+01 3.551997e+01
53    3.545833e+01 3.548643e+01 3.545285e+01
54    3.539932e+01 3.542862e+01 3.539340e+01
55    3.534711e+01 3.537748e+01 3.534074e+01
56    3.530092e+01 3.533224e+01 3.529411e+01
57    3.526005e+01 3.529222e+01 3.525281e+01
58    3.522391e+01 3.525682e+01 3.521625e+01
59    3.519194e+01 3.522551e+01 3.518388e+01
60    3.516366e+01 3.519781e+01 3.515522e+01
61    3.513867e+01 3.517331e+01 3.512986e+01
62    3.511656e+01 3.515164e+01 3.510742e+01
63    3.509702e+01 3.513246e+01 3.508757e+01
64    3.507976e+01 3.511549e+01 3.507001e+01
65    3.506449e+01 3.510048e+01 3.505448e+01
66    3.505101e+01 3.508719e+01 3.504075e+01
67    3.503910e+01 3.507543e+01 3.502861e+01
68    3.502858e+01 3.506501e+01 3.501789e+01
69    3.501929e+01 3.505579e+01 3.500843e+01
70    3.501108e+01 3.504762e+01 3.500007e+01
71    3.500384e+01 3.504037e+01 3.499269e+01
72    3.499745e+01 3.503395e+01 3.498619e+01
73    3.499182e+01 3.502825e+01 3.498046e+01
74    3.498685e+01 3.502320e+01 3.497541e+01
75    3.498246e+01 3.501870e+01 3.497096e+01
76    3.497860e+01 3.501471e+01 3.496705e+01
77    3.497519e+01 3.501115e+01 3.496362e+01
78    3.497219e+01 3.500798e+01 3.496060e+01
79    3.496955e+01 3.500515e+01 3.495796e+01
80    3.496723e+01 3.500263e+01 3.495565e+01
81    3.496518e+01 3.500037e+01 3.495363e+01
82    3.496338e+01 3.499834e+01 3.495186e+01
83    3.496180e+01 3.499652e+01 3.495033e+01
84    3.496041e+01 3.499489e+01 3.494899e+01
85    3.495919e+01 3.499341e+01 3.494783e+01
86    3.495812e+01 3.499207e+01 3.494684e+01
87    3.495718e+01 3.499086e+01 3.494597e+01
88    3.495636e+01 3.498976e+01 3.494524e+01
89    3.495564e+01 3.498875e+01 3.494461e+01
90    3.495500e+01 3.498783e+01 3.494407e+01
91    3.495445e+01 3.498699e+01 3.494363e+01
92    3.495397e+01 3.498621e+01 3.494325e+01
93    3.495355e+01 3.498549e+01 3.494294e+01
94    3.495318e+01 3.498482e+01 3.494269e+01
95    3.495286e+01 3.498419e+01 3.494249e+01
96    3.495258e+01 3.498361e+01 3.494233e+01
97    3.495234e+01 3.498306e+01 3.494221e+01
98    3.495213e+01 3.498254e+01 3.494213e+01
99    3.495195e+01 3.498204e+01 3.494208e+01
100   3.495179e+01 3.498158e+01 3.494205e+01
101   3.495166e+01 3.498113e+01 3.494204e+01
102   3.495154e+01 3.498070e+01 3.494206e+01
103   3.495144e+01 3.498029e+01 3.494209e+01
104   3.495135e+01 3.497990e+01 3.494214e+01
105   3.495128e+01 3.497951e+01 3.494220e+01
106   3.495121e+01 3.497914e+01 3.494227e+01
107   3.495116e+01 3.497878e+01 3.494235e+01
108   3.495112e+01 3.497843e+01 3.494244e+01
109   3.495108e+01 3.497809e+01 3.494253e+01
110   3.495105e+01 3.497776e+01 3.494263e+01
111   3.495102e+01 3.497743e+01 3.494274e+01
112   3.495100e+01 3.497711e+01 3.494285e+01
113   3.495098e+01 3.497680e+01 3.494296e+01
114   3.495096e+01 3.497649e+01 3.494308e+01
115   3.495095e+01 3.497619e+01 3.494320e+01
116   3.495094e+01 3.497589e+01 3.494331e+01
117   3.495093e+01 3.497560e+01 3.494343e+01
