1     3.619533e+02 3.245483e+02 3.489511e+02
2     3.431515e+02 3.222838e+02 3.247434e+02
3     3.354331e+02 3.150399e+02 3.184894e+02
4     3.276536e+02 3.079186e+02 3.120566e+02
5     3.200753e+02 3.010216e+02 3.057152e+02
6     3.127063e+02 2.943385e+02 2.994784e+02
7     3.055397e+02 2.878604e+02 2.933478e+02
8     2.985705e+02 2.815793e+02 2.873263e+02
9     2.917937e+02 2.754873e+02 2.814164e+02
10    2.852047e+02 2.695772e+02 2.756201e+02
11    2.787989e+02 2.638422e+02 2.699388e+02
12    2.725717e+02 2.582758e+02 2.643737e+02
13    2.665187e+02 2.528718e+02 2.589256e+02
14    2.606354e+02 2.476246e+02 2.535948e+02
15    2.549175e+02 2.425286e+02 2.483815e+02
16    2.493610e+02 2.375786e+02 2.432856e+02
17    2.439615e+02 2.327698e+02 2.383065e+02
18    2.387151e+02 2.280975e+02 2.334438e+02
19    2.336177e+02 2.235571e+02 2.286965e+02
20    2.286656e+02 2.191446e+02 2.240638e+02
21    2.238549e+02 2.148558e+02 2.195445e+02
22    2.191819e+02 2.106868e+02 2.151372e+02
23    2.146429e+02 2.066341e+02 2.108406e+02
24    2.102343e+02 2.026940e+02 2.066532e+02
25    2.059528e+02 1.988632e+02 2.025734e+02
26    2.017949e+02 1.951385e+02 1.985995e+02
27    1.977573e+02 1.915167e+02 1.947298e+02
28    1.938367e+02 1.879949e+02 1.909625e+02
29    1.900299e+02 1.845701e+02 1.872957e+02
30    1.863339e+02 1.812397e+02 1.837275e+02
31    1.827455e+02 1.780009e+02 1.802561e+02
32    1.792620e+02 1.748512e+02 1.768794e+02
33    1.758804e+02 1.717881e+02 1.735956e+02
34    1.725978e+02 1.688092e+02 1.704027e+02
35    1.694115e+02 1.659122e+02 1.672986e+02
36    1.663189e+02 1.630948e+02 1.642815e+02
37    1.633174e+02 1.603549e+02 1.613493e+02
38    1.604043e+02 1.576904e+02 1.585001e+02
39    1.575772e+02 1.550992e+02 1.557320e+02
40    1.548338e+02 1.525794e+02 1.530429e+02
41    1.521715e+02 1.501291e+02 1.504311e+02
42    1.495882e+02 1.477463e+02 1.478945e+02
43    1.470816e+02 1.454293e+02 1.454314e+02
44    1.446496e+02 1.431764e+02 1.430398e+02
45    1.422899e+02 1.409858e+02 1.407180e+02
46    1.400005e+02 1.388559e+02 1.384641e+02
47    1.377795e+02 1.367850e+02 1.362763e+02
48    1.356248e+02 1.347716e+02 1.341531e+02
49    1.335346e+02 1.328142e+02 1.320925e+02
50    1.315069e+02 1.309113e+02 1.300930e+02
51    1.295401e+02 1.290614e+02 1.281529e+02
52    1.276323e+02 1.272632e+02 1.262706e+02
53    1.257817e+02 1.255152e+02 1.244444e+02
54    1.239869e+02 1.238161e+02 1.226730e+02
55    1.222460e+02 1.221647e+02 1.209546e+02
56    1.205576e+02 1.205596e+02 1.192880e+02
57    1.189201e+02 1.189996e+02 1.176715e+02
58    1.173321e+02 1.174836e+02 1.161039e+02
59    1.157920e+02 1.160103e+02 1.145836e+02
60    1.142986e+02 1.145787e+02 1.131094e+02
61    1.128503e+02 1.131875e+02 1.116799e+02
62    1.114459e+02 1.118357e+02 1.102939e+02
63    1.100840e+02 1.105222e+02 1.089501e+02
64    1.087635e+02 1.092461e+02 1.076473e+02
65    1.074831e+02 1.080063e+02 1.063843e+02
66    1.062416e+02 1.068018e+02 1.051599e+02
67    1.050378e+02 1.056317e+02 1.039729e+02
68    1.038707e+02 1.044950e+02 1.028224e+02
69    1.027391e+02 1.033908e+02 1.017072e+02
70    1.016420e+02 1.023183e+02 1.006262e+02
71    1.005783e+02 1.012766e+02 9.957856e+01
72    9.954715e+01 1.002648e+02 9.856314e+01
73    9.854744e+01 9.928217e+01 9.757903e+01
74    9.757828e+01 9.832783e+01 9.662528e+01
75    9.663875e+01 9.740104e+01 9.570100e+01
76    9.572795e+01 9.650103e+01 9.480529e+01
77    9.484504e+01 9.562707e+01 9.393729e+01
78    9.398916e+01 9.477843e+01 9.309618e+01
79    9.315950e+01 9.395442e+01 9.228114e+01
80    9.235528e+01 9.315435e+01 9.149137e+01
81    9.157573e+01 9.237755e+01 9.072612e+01
82    9.082010e+01 9.162338e+01 8.998464e+01
83    9.008767e+01 9.089120e+01 8.926620e+01
84    8.937773e+01 9.018040e+01 8.857011e+01
85    8.868962e+01 8.949038e+01 8.789568e+01
86    8.802266e+01 8.882055e+01 8.724224e+01
87    8.737622e+01 8.817035e+01 8.660917e+01
88    8.674967e+01 8.753922e+01 8.599583e+01
89    8.614241e+01 8.692662e+01 8.540162e+01
90    8.555385e+01 8.633204e+01 8.482595e+01
91    8.498342e+01 8.575495e+01 8.426825e+01
92    8.443058e+01 8.519486e+01 8.372796e+01
93    8.389478e+01 8.465129e+01 8.320456e+01
94    8.337551e+01 8.412377e+01 8.269752e+01
95    8.287226e+01 8.361184e+01 8.220633e+01
96    8.238455e+01 8.311505e+01 8.173051e+01
97    8.191189e+01 8.263296e+01 8.126958e+01
98    8.145383e+01 8.216517e+01 8.082308e+01
99    8.100993e+01 8.171125e+01 8.039056e+01
100   8.057974e+01 8.127080e+01 7.997159e+01
101   8.016286e+01 8.084345e+01 7.956575e+01
102   7.975886e+01 8.042880e+01 7.917263e+01
103   7.936736e+01 8.002649e+01 7.879183e+01
104   7.898798e+01 7.963617e+01 7.842297e+01
105   7.862033e+01 7.925749e+01 7.806569e+01
106   7.826407e+01 7.889010e+01 7.771961e+01
107   7.791884e+01 7.853369e+01 7.738440e+01
108   7.758430e+01 7.818792e+01 7.705971e+01
109   7.726013e+01 7.785250e+01 7.674521e+01
110   7.694600e+01 7.752711e+01 7.644059e+01
111   7.664160e+01 7.721147e+01 7.614554e+01
112   7.634664e+01 7.690528e+01 7.585976e+01
113   7.606083e+01 7.660828e+01 7.558296e+01
114   7.578388e+01 7.632018e+01 7.531486e+01
115   7.551552e+01 7.604074e+01 7.505518e+01
116   7.525548e+01 7.576969e+01 7.480367e+01
117   7.500351e+01 7.550679e+01 7.456006e+01
118   7.475937e+01 7.525180e+01 7.432412e+01
119   7.452280e+01 7.500448e+01 7.409560e+01
120   7.429357e+01 7.476461e+01 7.387426e+01
121   7.407146e+01 7.453197e+01 7.365989e+01
122   7.385624e+01 7.430633e+01 7.345226e+01
123   7.364771e+01 7.408750e+01 7.325117e+01
124   7.344566e+01 7.387528e+01 7.305640e+01
125   7.324988e+01 7.366946e+01 7.286777e+01
126   7.306019e+01 7.346985e+01 7.268507e+01
127   7.287638e+01 7.327628e+01 7.250812e+01
128   7.269829e+01 7.308856e+01 7.233675e+01
129   7.252573e+01 7.290651e+01 7.217077e+01
130   7.235854e+01 7.272997e+01 7.201001e+01
131   7.219654e+01 7.255877e+01 7.185432e+01
132   7.203958e+01 7.239276e+01 7.170353e+01
133   7.188749e+01 7.223177e+01 7.155749e+01
134   7.174014e+01 7.207566e+01 7.141605e+01
135   7.159736e+01 7.192428e+01 7.127907e+01
136   7.145903e+01 7.177749e+01 7.114640e+01
137   7.132499e+01 7.163515e+01 7.101791e+01
138   7.119512e+01 7.149712e+01 7.089346e+01
139   7.106930e+01 7.136329e+01 7.077294e+01
140   7.094738e+01 7.123351e+01 7.065622e+01
141   7.082925e+01 7.110768e+01 7.054317e+01
142   7.071480e+01 7.098566e+01 7.043369e+01
143   7.060391e+01 7.086735e+01 7.032765e+01
144   7.049646e+01 7.075264e+01 7.022496e+01
145   7.039236e+01 7.064141e+01 7.012550e+01
146   7.029149e+01 7.053356e+01 7.002918e+01
147   7.019377e+01 7.042899e+01 6.993589e+01
148   7.009908e+01 7.032759e+01 6.984554e+01
149   7.000733e+01 7.022928e+01 6.975804e+01
150   6.991844e+01 7.013396e+01 6.967330e+01
151   6.983231e+01 7.004153e+01 6.959123e+01
152   6.974886e+01 6.995192e+01 6.951174e+01
153   6.966801e+01 6.986503e+01 6.943477e+01
154   6.958966e+01 6.978079e+01 6.936021e+01
155   6.951376e+01 6.969911e+01 6.928801e+01
156   6.944021e+01 6.961991e+01 6.921808e+01
157   6.936896e+01 6.954313e+01 6.915036e+01
158   6.929991e+01 6.946868e+01 6.908477e+01
159   6.923302e+01 6.939649e+01 6.902125e+01
160   6.916820e+01 6.932650e+01 6.895973e+01
161   6.910539e+01 6.925865e+01 6.890015e+01
162   6.904454e+01 6.919285e+01 6.884245e+01
163   6.898558e+01 6.912906e+01 6.878657e+01
164   6.892846e+01 6.906721e+01 6.873245e+01
165   6.887310e+01 6.900724e+01 6.868004e+01
166   6.881947e+01 6.894910e+01 6.862928e+01
167   6.876750e+01 6.889272e+01 6.858011e+01
168   6.871715e+01 6.883806e+01 6.853250e+01
169   6.866836e+01 6.878507e+01 6.848639e+01
170   6.862109e+01 6.873368e+01 6.844173e+01
171   6.857528e+01 6.868386e+01 6.839848e+01
172   6.853090e+01 6.863555e+01 6.835660e+01
173   6.848789e+01 6.858872e+01 6.831603e+01
174   6.844622e+01 6.854330e+01 6.827675e+01
175   6.840584e+01 6.849927e+01 6.823870e+01
176   6.836672e+01 6.845658e+01 6.820185e+01
177   6.832881e+01 6.841518e+01 6.816616e+01
178   6.829208e+01 6.837504e+01 6.813160e+01
179   6.825648e+01 6.833612e+01 6.809812e+01
180   6.822199e+01 6.829839e+01 6.806571e+01
181   6.818857e+01 6.826180e+01 6.803431e+01
182   6.815619e+01 6.822632e+01 6.800390e+01
183   6.812480e+01 6.819192e+01 6.797446e+01
184   6.809440e+01 6.815856e+01 6.794594e+01
185   6.806493e+01 6.812621e+01 6.791832e+01
186   6.803638e+01 6.809485e+01 6.789157e+01
187   6.800871e+01 6.806444e+01 6.786566e+01
188   6.798190e+01 6.803495e+01 6.784057e+01
189   6.795591e+01 6.800635e+01 6.781627e+01
190   6.793074e+01 6.797862e+01 6.779274e+01
191   6.790634e+01 6.795173e+01 6.776994e+01
192   6.788270e+01 6.792565e+01 6.774787e+01
193   6.785979e+01 6.790037e+01 6.772649e+01
194   6.783758e+01 6.787585e+01 6.770579e+01
195   6.781607e+01 6.785207e+01 6.768574e+01
196   6.779522e+01 6.782901e+01 6.766632e+01
197   6.777501e+01 6.780665e+01 6.764751e+01
198   6.775543e+01 6.778497e+01 6.762930e+01
199   6.773645e+01 6.776393e+01 6.761165e+01
200   6.771806e+01 6.774354e+01 6.759457e+01
201   6.770024e+01 6.772376e+01 6.757802e+01
202   6.768297e+01 6.770458e+01 6.756200e+01
203   6.766623e+01 6.768597e+01 6.754648e+01
204   6.765000e+01 6.766793e+01 6.753145e+01
205   6.763428e+01 6.765043e+01 6.751689e+01
206   6.761904e+01 6.763346e+01 6.750279e+01
207   6.760427e+01 6.761700e+01 6.748914e+01
208   6.758996e+01 6.760104e+01 6.747591e+01
209   6.757609e+01 6.758555e+01 6.746311e+01
210   6.756265e+01 6.757053e+01 6.745070e+01
211   6.754961e+01 6.755597e+01 6.743869e+01
212   6.753699e+01 6.754184e+01 6.742706e+01
213   6.752474e+01 6.752813e+01 6.741579e+01
214   6.751288e+01 6.751484e+01 6.740488e+01
215   6.750138e+01 6.750194e+01 6.739431e+01
216   6.749023e+01 6.748944e+01 6.738407e+01
217   6.747943e+01 6.747730e+01 6.737416e+01
218   6.746896e+01 6.746553e+01 6.736456e+01
219   6.745881e+01 6.745411e+01 6.735526e+01
220   6.744897e+01 6.744304e+01 6.734625e+01
221   6.743943e+01 6.743229e+01 6.733753e+01
222   6.743019e+01 6.742187e+01 6.732908e+01
223   6.742123e+01 6.741175e+01 6.732090e+01
224   6.741254e+01 6.740194e+01 6.731298e+01
225   6.740412e+01 6.739242e+01 6.730530e+01
226   6.739596e+01 6.738319e+01 6.729787e+01
227   6.738805e+01 6.737423e+01 6.729067e+01
228   6.738038e+01 6.736553e+01 6.728370e+01
229   6.737294e+01 6.735710e+01 6.727695e+01
230   6.736574e+01 6.734891e+01 6.727041e+01
231   6.735875e+01 6.734097e+01 6.726408e+01
232   6.735197e+01 6.733327e+01 6.725795e+01
233   6.734541e+01 6.732579e+01 6.725201e+01
234   6.733904e+01 6.731853e+01 6.724625e+01
235   6.733287e+01 6.731149e+01 6.724068e+01
236   6.732688e+01 6.730466e+01 6.723528e+01
237   6.732108e+01 6.729803e+01 6.723006e+01
238   6.731545e+01 6.729160e+01 6.722499e+01
239   6.731000e+01 6.728535e+01 6.722009e+01
240   6.730471e+01 6.727929e+01 6.721534e+01
241   6.729959e+01 6.727341e+01 6.721075e+01
242   6.729461e+01 6.726770e+01 6.720629e+01
243   6.728979e+01 6.726216e+01 6.720198e+01
244   6.728512e+01 6.725678e+01 6.719780e+01
245   6.728059e+01 6.725156e+01 6.719375e+01
246   6.727619e+01 6.724649e+01 6.718983e+01
247   6.727193e+01 6.724157e+01 6.718604e+01
248   6.726780e+01 6.723680e+01 6.718236e+01
249   6.726379e+01 6.723216e+01 6.717880e+01
250   6.725991e+01 6.722766e+01 6.717535e+01
251   6.725614e+01 6.722329e+01 6.717202e+01
252   6.725248e+01 6.721905e+01 6.716878e+01
253   6.724894e+01 6.721494e+01 6.716565e+01
254   6.724550e+01 6.721094e+01 6.716261e+01
255   6.724217e+01 6.720706e+01 6.715968e+01
256   6.723893e+01 6.720329e+01 6.715683e+01
257   6.723580e+01 6.719963e+01 6.715407e+01
258   6.723276e+01 6.719607e+01 6.715140e+01
259   6.722981e+01 6.719262e+01 6.714882e+01
260   6.722695e+01 6.718927e+01 6.714631e+01
261   6.722417e+01 6.718602e+01 6.714389e+01
262   6.722148e+01 6.718286e+01 6.714154e+01
263   6.721887e+01 6.717979e+01 6.713927e+01
264   6.721634e+01 6.717681e+01 6.713706e+01
265   6.721388e+01 6.717392e+01 6.713493e+01
266   6.721150e+01 6.717110e+01 6.713286e+01
267   6.720919e+01 6.716837e+01 6.713086e+01
268   6.720694e+01 6.716572e+01 6.712892e+01
269   6.720477e+01 6.716314e+01 6.712704e+01
270   6.720266e+01 6.716064e+01 6.712522e+01
271   6.720061e+01 6.715821e+01 6.712346e+01
272   6.719862e+01 6.715585e+01 6.712176e+01
273   6.719670e+01 6.715355e+01 6.712010e+01
274   6.719483e+01 6.715132e+01 6.711850e+01
275   6.719301e+01 6.714916e+01 6.711695e+01
276   6.719125e+01 6.714705e+01 6.711545e+01
277   6.718954e+01 6.714501e+01 6.711400e+01
278   6.718789e+01 6.714302e+01 6.711259e+01
279   6.718628e+01 6.714109e+01 6.711123e+01
280   6.718472e+01 6.713921e+01 6.710990e+01
281   6.718320e+01 6.713739e+01 6.710863e+01
282   6.718173e+01 6.713561e+01 6.710739e+01
283   6.718031e+01 6.713389e+01 6.710619e+01
284   6.717892e+01 6.713222e+01 6.710502e+01
285   6.717758e+01 6.713059e+01 6.710390e+01
286   6.717627e+01 6.712901e+01 6.710281e+01
287   6.717501e+01 6.712747e+01 6.710175e+01
288   6.717378e+01 6.712597e+01 6.710073e+01
289   6.717259e+01 6.712452e+01 6.709974e+01
290   6.717143e+01 6.712310e+01 6.709878e+01
291   6.717031e+01 6.712173e+01 6.709785e+01
292   6.716921e+01 6.712039e+01 6.709695e+01
293   6.716816e+01 6.711910e+01 6.709608e+01
294   6.716713e+01 6.711783e+01 6.709523e+01
295   6.716613e+01 6.711660e+01 6.709441e+01
296   6.716516e+01 6.711541e+01 6.709362e+01
297   6.716422e+01 6.711425e+01 6.709286e+01
298   6.716331e+01 6.711312e+01 6.709211e+01
299   6.716242e+01 6.711202e+01 6.709139e+01
300   6.716156e+01 6.711095e+01 6.709070e+01
301   6.716072e+01 6.710991e+01 6.709002e+01
302   6.715991e+01 6.710890e+01 6.708937e+01
303   6.715912e+01 6.710792e+01 6.708873e+01
304   6.715836e+01 6.710696e+01 6.708812e+01
305   6.715761e+01 6.710603e+01 6.708753e+01
306   6.715689e+01 6.710512e+01 6.708695e+01
307   6.715619e+01 6.710424e+01 6.708639e+01
308   6.715551e+01 6.710338e+01 6.708585e+01
309   6.715485e+01 6.710255e+01 6.708533e+01
310   6.715421e+01 6.710173e+01 6.708482e+01
311   6.715358e+01 6.710094e+01 6.708433e+01
312   6.715297e+01 6.710017e+01 6.708386e+01
313   6.715239e+01 6.709943e+01 6.708340e+01
314   6.715181e+01 6.709870e+01 6.708295e+01
315   6.715126e+01 6.709799e+01 6.708252e+01
316   6.715072e+01 6.709730e+01 6.708210e+01
317   6.715019e+01 6.709662e+01 6.708170e+01
318   6.714968e+01 6.709597e+01 6.708131e+01
319   6.714919e+01 6.709533e+01 6.708093e+01
320   6.714871e+01 6.709471e+01 6.708056e+01
321   6.714824e+01 6.709411e+01 6.708020e+01
322   6.714778e+01 6.709352e+01 6.707986e+01
323   6.714734e+01 6.709295e+01 6.707952e+01
324   6.714691e+01 6.709239e+01 6.707920e+01
325   6.714649e+01 6.709184e+01 6.707889e+01
326   6.714609e+01 6.709131e+01 6.707858e+01
327   6.714569e+01 6.709080e+01 6.707829e+01
328   6.714531e+01 6.709030e+01 6.707800e+01
329   6.714494e+01 6.708981e+01 6.707773e+01
330   6.714457e+01 6.708933e+01 6.707746e+01
331   6.714422e+01 6.708887e+01 6.707720e+01
332   6.714388e+01 6.708841e+01 6.707695e+01
333   6.714355e+01 6.708797e+01 6.707671e+01
334   6.714322e+01 6.708754e+01 6.707647e+01
335   6.714291e+01 6.708712e+01 6.707624e+01
336   6.714260e+01 6.708672e+01 6.707602e+01
337   6.714230e+01 6.708632e+01 6.707581e+01
338   6.714201e+01 6.708593e+01 6.707560e+01
339   6.714173e+01 6.708555e+01 6.707540e+01
340   6.714146e+01 6.708518e+01 6.707521e+01
341   6.714119e+01 6.708482e+01 6.707502e+01
342   6.714093e+01 6.708447e+01 6.707484e+01
343   6.714068e+01 6.708413e+01 6.707466e+01
344   6.714044e+01 6.708380e+01 6.707449e+01
345   6.714020e+01 6.708348e+01 6.707432e+01
346   6.713997e+01 6.708316e+01 6.707416e+01
347   6.713974e+01 6.708285e+01 6.707401e+01
348   6.713952e+01 6.708255e+01 6.707386e+01
349   6.713931e+01 6.708226e+01 6.707371e+01
350   6.713910e+01 6.708197e+01 6.707357e+01
351   6.713890e+01 6.708169e+01 6.707343e+01
352   6.713870e+01 6.708142e+01 6.707330e+01
353   6.713851e+01 6.708115e+01 6.707317e+01
354   6.713832e+01 6.708089e+01 6.707305e+01
355   6.713814e+01 6.708064e+01 6.707293e+01
356   6.713796e+01 6.708039e+01 6.707281e+01
357   6.713779e+01 6.708015e+01 6.707270e+01
358   6.713762e+01 6.707992e+01 6.707259e+01
359   6.713746e+01 6.707969e+01 6.707248e+01
360   6.713730e+01 6.707946e+01 6.707238e+01
361   6.713714e+01 6.707924e+01 6.707228e+01
362   6.713699e+01 6.707903e+01 6.707219e+01
363   6.713685e+01 6.707882e+01 6.707209e+01
364   6.713670e+01 6.707862e+01 6.707200e+01
365   6.713657e+01 6.707842e+01 6.707192e+01
366   6.713643e+01 6.707823e+01 6.707183e+01
367   6.713630e+01 6.707804e+01 6.707175e+01
368   6.713617e+01 6.707785e+01 6.707167e+01
369   6.713604e+01 6.707767e+01 6.707159e+01
370   6.713592e+01 6.707750e+01 6.707152e+01
371   6.713580e+01 6.707732e+01 6.707145e+01
372   6.713569e+01 6.707715e+01 6.707138e+01
373   6.713557e+01 6.707699e+01 6.707131e+01
374   6.713546e+01 6.707683e+01 6.707124e+01
375   6.713536e+01 6.707667e+01 6.707118e+01
376   6.713525e+01 6.707652e+01 6.707112e+01
377   6.713515e+01 6.707637e+01 6.707106e+01
378   6.713505e+01 6.707622e+01 6.707100e+01
379   6.713495e+01 6.707608e+01 6.707094e+01
380   6.713486e+01 6.707594e+01 6.707089e+01
381   6.713477e+01 6.707581e+01 6.707084e+01
382   6.713468e+01 6.707567e+01 6.707079e+01
383   6.713459e+01 6.707554e+01 6.707074e+01
384   6.713451e+01 6.707541e+01 6.707069e+01
385   6.713442e+01 6.707529e+01 6.707064e+01
386   6.713434e+01 6.707517e+01 6.707060e+01
387   6.713426e+01 6.707505e+01 6.707056e+01
388   6.713419e+01 6.707493e+01 6.707051e+01
389   6.713411e+01 6.707482e+01 6.707047e+01
390   6.713404e+01 6.707471e+01 6.707043e+01
391   6.713397e+01 6.707460e+01 6.707040e+01
392   6.713390e+01 6.707449e+01 6.707036e+01
393   6.713383e+01 6.707439e+01 6.707032e+01
394   6.713376e+01 6.707429e+01 6.707029e+01
395   6.713370e+01 6.707419e+01 6.707025e+01
