1     3.619533e+02 2.747474e+02 3.900639e+02
2     2.406998e+02 2.432918e+02 2.375341e+02
3     2.044850e+02 2.070383e+02 2.020365e+02
4     1.757076e+02 1.778474e+02 1.737242e+02
5     1.529900e+02 1.546876e+02 1.513723e+02
6     1.350397e+02 1.363677e+02 1.337142e+02
7     1.208489e+02 1.218824e+02 1.197587e+02
8     1.096285e+02 1.104291e+02 1.087280e+02
9     1.007559e+02 1.013724e+02 1.000089e+02
10    9.373916e+01 9.421034e+01 9.311665e+01
11    8.818961e+01 8.854596e+01 8.766822e+01
12    8.380002e+01 8.406568e+01 8.336101e+01
13    8.032758e+01 8.052160e+01 7.995587e+01
14    7.758036e+01 7.771781e+01 7.726377e+01
15    7.540663e+01 7.549943e+01 7.513534e+01
16    7.368646e+01 7.374401e+01 7.345251e+01
17    7.232502e+01 7.235476e+01 7.212195e+01
18    7.124735e+01 7.125514e+01 7.106991e+01
19    7.039416e+01 7.038465e+01 7.023805e+01
20    6.971857e+01 6.969544e+01 6.958030e+01
21    6.918352e+01 6.914966e+01 6.906020e+01
22    6.875967e+01 6.871739e+01 6.864896e+01
23    6.842385e+01 6.837495e+01 6.832379e+01
24    6.815770e+01 6.810361e+01 6.806668e+01
25    6.794672e+01 6.788858e+01 6.786340e+01
26    6.777941e+01 6.771811e+01 6.770268e+01
27    6.764670e+01 6.758295e+01 6.757562e+01
28    6.754139e+01 6.747574e+01 6.747519e+01
29    6.745779e+01 6.739070e+01 6.739581e+01
30    6.739140e+01 6.732320e+01 6.733309e+01
31    6.733864e+01 6.726962e+01 6.728354e+01
32    6.729671e+01 6.722708e+01 6.724440e+01
33    6.726335e+01 6.719328e+01 6.721351e+01
34    6.723679e+01 6.716643e+01 6.718914e+01
35    6.721564e+01 6.714508e+01 6.716992e+01
36    6.719879e+01 6.712811e+01 6.715477e+01
37    6.718533e+01 6.711462e+01 6.714286e+01
38    6.717459e+01 6.710389e+01 6.713349e+01
39    6.716601e+01 6.709535e+01 6.712615e+01
40    6.715913e+01 6.708856e+01 6.712040e+01
41    6.715363e+01 6.708316e+01 6.711591e+01
42    6.714921e+01 6.707887e+01 6.711242e+01
43    6.714566e+01 6.707547e+01 6.710972e+01
44    6.714280e+01 6.707277e+01 6.710764e+01
45    6.714050e+01 6.707063e+01 6.710606e+01
46    6.713864e+01 6.706894e+01 6.710486e+01
47    6.713713e+01 6.706762e+01 6.710397e+01
48    6.713591e+01 6.706658e+01 6.710333e+01
49    6.713492e+01 6.706577e+01 6.710288e+01
50    6.713411e+01 6.706515e+01 6.710258e+01
51    6.713345e+01 6.706468e+01 6.710240e+01
52    6.713291e+01 6.706434e+01 6.710231e+01
53    6.713246e+01 6.706409e+01 6.710230e+01
54    6.713209e+01 6.706392e+01 6.710234e+01
55    6.713179e+01 6.706381e+01 6.710243e+01
56    6.713154e+01 6.706375e+01 6.710255e+01
57    6.713133e+01 6.706374e+01 6.710271e+01
58    6.713115e+01 6.706376e+01 6.710288e+01
59    6.713100e+01 6.706382e+01 6.710307e+01
60    6.713088e+01 6.706389e+01 6.710327e+01
61    6.713077e+01 6.706398e+01 6.710348e+01
