1     3.619533e+02 3.324441e+02 3.682552e+02
2     3.251809e+02 3.208700e+02 3.205794e+02
3     3.097873e+02 3.057931e+02 3.057966e+02
4     2.953257e+02 2.915534e+02 2.916964e+02
5     2.817227e+02 2.781611e+02 2.784254e+02
6     2.689294e+02 2.655167e+02 2.659463e+02
7     2.567759e+02 2.536408e+02 2.540668e+02
8     2.455020e+02 2.425253e+02 2.430464e+02
9     2.348717e+02 2.320547e+02 2.326500e+02
10    2.248623e+02 2.222109e+02 2.228553e+02
11    2.154485e+02 2.129549e+02 2.136378e+02
12    2.065944e+02 2.042514e+02 2.049632e+02
13    1.982671e+02 1.960674e+02 1.967997e+02
14    1.904350e+02 1.883720e+02 1.891170e+02
15    1.830688e+02 1.811362e+02 1.818869e+02
16    1.761413e+02 1.743325e+02 1.750834e+02
17    1.696260e+02 1.679346e+02 1.686807e+02
18    1.634979e+02 1.619191e+02 1.626550e+02
19    1.577349e+02 1.562623e+02 1.569848e+02
20    1.523146e+02 1.509442e+02 1.516487e+02
21    1.472180e+02 1.459394e+02 1.466286e+02
22    1.424208e+02 1.412413e+02 1.419000e+02
23    1.379152e+02 1.368183e+02 1.374562e+02
24    1.336760e+02 1.326619e+02 1.332728e+02
25    1.296899e+02 1.287536e+02 1.293369e+02
26    1.259414e+02 1.250789e+02 1.256335e+02
27    1.224165e+02 1.216241e+02 1.221489e+02
28    1.191019e+02 1.183757e+02 1.188702e+02
29    1.159854e+02 1.153215e+02 1.157857e+02
30    1.130540e+02 1.124500e+02 1.128829e+02
31    1.102983e+02 1.097499e+02 1.101523e+02
32    1.077066e+02 1.072116e+02 1.075830e+02
33    1.052703e+02 1.048248e+02 1.051662e+02
34    1.029790e+02 1.025808e+02 1.028921e+02
35    1.008247e+02 1.004710e+02 1.007527e+02
36    9.879918e+01 9.848771e+01 9.874018e+01
37    9.689533e+01 9.662303e+01 9.684746e+01
38    9.510493e+01 9.486912e+01 9.506658e+01
39    9.342058e+01 9.322092e+01 9.339034e+01
40    9.183806e+01 9.167096e+01 9.181461e+01
41    9.035005e+01 9.021367e+01 9.033222e+01
42    8.895111e+01 8.884375e+01 8.893786e+01
43    8.763612e+01 8.755577e+01 8.762651e+01
44    8.639979e+01 8.634483e+01 8.639302e+01
45    8.523751e+01 8.520620e+01 8.523284e+01
46    8.414465e+01 8.413587e+01 8.414146e+01
47    8.311772e+01 8.312955e+01 8.311544e+01
48    8.215227e+01 8.218319e+01 8.215039e+01
49    8.124435e+01 8.129346e+01 8.124247e+01
50    8.039100e+01 8.045691e+01 8.038875e+01
51    7.958891e+01 7.967025e+01 7.958599e+01
52    7.883477e+01 7.893053e+01 7.883092e+01
53    7.812587e+01 7.823485e+01 7.812092e+01
54    7.745943e+01 7.758019e+01 7.745372e+01
55    7.683291e+01 7.693513e+01 7.695636e+01
56    7.621749e+01 7.638759e+01 7.619756e+01
57    7.567151e+01 7.583722e+01 7.566757e+01
58    7.516548e+01 7.531177e+01 7.518025e+01
59    7.467826e+01 7.482189e+01 7.474633e+01
60    7.421044e+01 7.442468e+01 7.424421e+01
61    7.378007e+01 7.396067e+01 7.377695e+01
62    7.337281e+01 7.357110e+01 7.335133e+01
63    7.299660e+01 7.317867e+01 7.301625e+01
64    7.264294e+01 7.285490e+01 7.263580e+01
65    7.230485e+01 7.242972e+01 7.323864e+01
66    7.199852e+01 7.230871e+01 7.225189e+01
67    7.168218e+01 7.194273e+01 8.186416e+01
68    7.145746e+01 7.181721e+01 7.439785e+01
69    7.105548e+01 7.135034e+01 8.841384e+01
70    7.136577e+01 7.187526e+01 7.718403e+01
71    7.073675e+01 7.093314e+01 7.091451e+01
72    7.044235e+01 7.064247e+01 7.053140e+01
73    7.022854e+01 7.047969e+01 7.023136e+01
74    7.004445e+01 7.015955e+01 7.149408e+01
75    6.991566e+01 7.027701e+01 7.028141e+01
76    6.969569e+01 6.977859e+01 7.854625e+01
77    6.977759e+01 7.032091e+01 7.263004e+01
78    6.940855e+01 6.965262e+01 6.936995e+01
79    6.926910e+01 6.949652e+01 6.922686e+01
80    6.913832e+01 6.936277e+01 6.909536e+01
81    6.901517e+01 6.923854e+01 6.897172e+01
82    6.889946e+01 6.912153e+01 6.885557e+01
83    6.879058e+01 6.901153e+01 6.874632e+01
84    6.868829e+01 6.890810e+01 6.864372e+01
85    6.859235e+01 6.881048e+01 6.854756e+01
86    6.850215e+01 6.871857e+01 6.845725e+01
87    6.841739e+01 6.863177e+01 6.837272e+01
88    6.833774e+01 6.864312e+01 6.963489e+01
89    6.838920e+01 6.853111e+01 6.875190e+01
90    6.823172e+01 6.843901e+01 6.819620e+01
91    6.816517e+01 6.836684e+01 6.815735e+01
92    6.810362e+01 6.830942e+01 6.806941e+01
93    6.803949e+01 6.825807e+01 7.258827e+01
94    6.823895e+01 6.851661e+01 6.953754e+01
95    6.795715e+01 6.816074e+01 6.791407e+01
96    6.790807e+01 6.810361e+01 6.791413e+01
97    6.786025e+01 6.839783e+01 8.516394e+01
98    6.847933e+01 6.858764e+01 7.388580e+01
99    6.793166e+01 6.811959e+01 6.789706e+01
100   6.785604e+01 6.803620e+01 6.781772e+01
101   6.781113e+01 6.798844e+01 6.777316e+01
102   6.776892e+01 6.794419e+01 6.773121e+01
103   6.772927e+01 6.790254e+01 6.769185e+01
104   6.769205e+01 6.786325e+01 6.765495e+01
105   6.765711e+01 6.782619e+01 6.762035e+01
106   6.762429e+01 6.779122e+01 6.758792e+01
107   6.759347e+01 6.775818e+01 6.755756e+01
108   6.756452e+01 6.772679e+01 6.752948e+01
109   6.753739e+01 6.767840e+01 6.780709e+01
110   6.750798e+01 6.769337e+01 6.756065e+01
111   6.748587e+01 6.782858e+01 8.324980e+01
112   6.794089e+01 6.817181e+01 7.277099e+01
113   6.753349e+01 6.768645e+01 6.750454e+01
114   6.749326e+01 6.764161e+01 6.746164e+01
115   6.747053e+01 6.761651e+01 6.743942e+01
116   6.744922e+01 6.759315e+01 6.741857e+01
117   6.742925e+01 6.757113e+01 6.739907e+01
118   6.741055e+01 6.755021e+01 6.738085e+01
119   6.739293e+01 6.753042e+01 6.736378e+01
120   6.737637e+01 6.751156e+01 6.734820e+01
121   6.736088e+01 6.742972e+01 7.144611e+01
122   6.744523e+01 6.772911e+01 6.864334e+01
123   6.731353e+01 6.744778e+01 6.728573e+01
124   6.730132e+01 6.750648e+01 6.956959e+01
125   6.740281e+01 6.748267e+01 6.807929e+01
126   6.730737e+01 6.744409e+01 6.738466e+01
127   6.730216e+01 6.760921e+01 8.098711e+01
128   6.777841e+01 6.801510e+01 7.227178e+01
129   6.734916e+01 6.750389e+01 7.185048e+01
130   6.755575e+01 6.771157e+01 6.899069e+01
131   6.733653e+01 6.745029e+01 6.731550e+01
132   6.730964e+01 6.741808e+01 6.728818e+01
133   6.729833e+01 6.740455e+01 6.727806e+01
134   6.728792e+01 6.735469e+01 7.217847e+01
135   6.739297e+01 6.788088e+01 7.997569e+01
136   6.745332e+01 6.749673e+01 6.915360e+01
137   6.728658e+01 6.737227e+01 6.732861e+01
138   6.727223e+01 6.737950e+01 6.727260e+01
139   6.726143e+01 6.735653e+01 6.724674e+01
140   6.725236e+01 6.735689e+01 6.729354e+01
141   6.725052e+01 6.835297e+01 1.145231e+02
142   6.832560e+01 6.845095e+01 8.196444e+01
143   6.749479e+01 6.777549e+01 7.349083e+01
144   6.736080e+01 6.733564e+01 7.532312e+01
145   6.755779e+01 6.773875e+01 6.938622e+01
146   6.730017e+01 6.765607e+01 8.803746e+01
147   6.774532e+01 6.801528e+01 7.581483e+01
148   6.821430e+01 6.823805e+01 7.801595e+01
149   6.766326e+01 6.773606e+01 6.766109e+01
150   6.757892e+01 6.764905e+01 6.756926e+01
151   6.750119e+01 6.757044e+01 6.749186e+01
152   6.743101e+01 6.749967e+01 6.742176e+01
153   6.741199e+01 6.748002e+01 6.740277e+01
154   6.739404e+01 6.746144e+01 6.738490e+01
155   6.737726e+01 6.744408e+01 6.736822e+01
156   6.736158e+01 6.742760e+01 6.735264e+01
157   6.734680e+01 6.741202e+01 6.733797e+01
158   6.733293e+01 6.739798e+01 6.732419e+01
159   6.732003e+01 6.738412e+01 6.731143e+01
160   6.730790e+01 6.737140e+01 6.729938e+01
161   6.729655e+01 6.735900e+01 6.728819e+01
162   6.728588e+01 6.734812e+01 6.727762e+01
163   6.727596e+01 6.733724e+01 6.726784e+01
164   6.726667e+01 6.732705e+01 6.725877e+01
165   6.725794e+01 6.731731e+01 6.725109e+01
166   6.724993e+01 6.712543e+01 7.693027e+01
167   6.757644e+01 6.804373e+01 6.926054e+01
168   6.728413e+01 6.735925e+01 6.732114e+01
169   6.723745e+01 6.729769e+01 6.723036e+01
170   6.723091e+01 6.728883e+01 6.722318e+01
171   6.722443e+01 6.728069e+01 6.721687e+01
172   6.721840e+01 6.727406e+01 6.721102e+01
173   6.721279e+01 6.726740e+01 6.720558e+01
174   6.720750e+01 6.726161e+01 6.720051e+01
175   6.720263e+01 6.725554e+01 6.719591e+01
176   6.719804e+01 6.724991e+01 6.719378e+01
177   6.719407e+01 6.732915e+01 7.182025e+01
178   6.741496e+01 6.748844e+01 6.849454e+01
179   6.720182e+01 6.751510e+01 7.351200e+01
180   6.746563e+01 6.733784e+01 6.934090e+01
181   6.721518e+01 6.731150e+01 6.960339e+01
182   6.735127e+01 6.739377e+01 6.804628e+01
183   6.721819e+01 6.726377e+01 6.733930e+01
184   6.721349e+01 6.747238e+01 7.809356e+01
185   6.734365e+01 6.737159e+01 7.065885e+01
186   6.718535e+01 6.720933e+01 7.571533e+01
187   6.732830e+01 6.751037e+01 6.986073e+01
188   6.718824e+01 6.735147e+01 8.410797e+01
189   6.771447e+01 6.801276e+01 7.259115e+01
190   6.726315e+01 6.728336e+01 6.807688e+01
191   6.729697e+01 6.738261e+01 6.756178e+01
192   6.720104e+01 6.723928e+01 6.719741e+01
193   6.718769e+01 6.722441e+01 6.718765e+01
194   6.718486e+01 6.738280e+01 7.713865e+01
195   6.759227e+01 6.768638e+01 7.057297e+01
196   6.720966e+01 6.723481e+01 6.778064e+01
197   6.723060e+01 6.728976e+01 6.741891e+01
198   6.719807e+01 6.719075e+01 6.822234e+01
199   6.723281e+01 6.732899e+01 6.752186e+01
200   6.719048e+01 6.738107e+01 7.997669e+01
201   6.768213e+01 6.772732e+01 7.264463e+01
202   6.751472e+01 6.767832e+01 6.935785e+01
203   6.726445e+01 6.730081e+01 6.726618e+01
204   6.721874e+01 6.725634e+01 7.187896e+01
205   6.742843e+01 6.752800e+01 8.441630e+01
206   6.744369e+01 6.774501e+01 7.119622e+01
207   6.722043e+01 6.741500e+01 8.101788e+01
208   6.774129e+01 6.776944e+01 7.466736e+01
209   6.769886e+01 6.791485e+01 7.077633e+01
210   6.740238e+01 6.743947e+01 7.761444e+01
211   6.761447e+01 6.779869e+01 7.096094e+01
212   6.732279e+01 6.735878e+01 6.732267e+01
213   6.726211e+01 6.728893e+01 6.725938e+01
214   6.723091e+01 6.725661e+01 6.722842e+01
215   6.722457e+01 6.725007e+01 6.722215e+01
216   6.721865e+01 6.724389e+01 6.721633e+01
217   6.721313e+01 6.723808e+01 6.721095e+01
218   6.720802e+01 6.723257e+01 6.720611e+01
219   6.720332e+01 6.722811e+01 6.721241e+01
220   6.720031e+01 6.722461e+01 6.719658e+01
221   6.719617e+01 6.886003e+01 1.173294e+02
222   6.813220e+01 6.784144e+01 8.224262e+01
223   6.733641e+01 6.759886e+01 7.807854e+01
224   6.741336e+01 6.734944e+01 7.038321e+01
225   6.719748e+01 6.726664e+01 7.524417e+01
226   6.753650e+01 6.767575e+01 6.975475e+01
227   6.719924e+01 6.722304e+01 6.719749e+01
228   6.718987e+01 6.719358e+01 8.276733e+01
229   6.768927e+01 6.807315e+01 7.232194e+01
230   6.725915e+01 6.728857e+01 6.726171e+01
231   6.720685e+01 6.722209e+01 6.720590e+01
232   6.719318e+01 6.720039e+01 6.721555e+01
233   6.719067e+01 6.721879e+01 6.719049e+01
234   6.718646e+01 6.719632e+01 6.720988e+01
235   6.718434e+01 6.720850e+01 6.718530e+01
236   6.718046e+01 6.719602e+01 6.717918e+01
237   6.717732e+01 6.716522e+01 6.791850e+01
238   6.720199e+01 6.738792e+01 7.135660e+01
239   6.724883e+01 6.720272e+01 6.839258e+01
240   6.717773e+01 6.719029e+01 6.717803e+01
241   6.717408e+01 6.718846e+01 6.717343e+01
242   6.717116e+01 6.718650e+01 6.717040e+01
243   6.716852e+01 6.718338e+01 6.716781e+01
244   6.716606e+01 6.718067e+01 6.716549e+01
245   6.716380e+01 6.717829e+01 6.716337e+01
246   6.716171e+01 6.717770e+01 6.717489e+01
247   6.716085e+01 6.717579e+01 6.715974e+01
248   6.715864e+01 6.716930e+01 6.717635e+01
249   6.715784e+01 6.715772e+01 6.719436e+01
250   6.715698e+01 6.718143e+01 6.726557e+01
251   6.715626e+01 6.718246e+01 6.719367e+01
252   6.715399e+01 6.744199e+01 7.202844e+01
253   6.731922e+01 6.716755e+01 6.877016e+01
254   6.716357e+01 6.717245e+01 6.716459e+01
255   6.716109e+01 6.716317e+01 6.738341e+01
256   6.716395e+01 6.719470e+01 7.786024e+01
257   6.738531e+01 6.757931e+01 7.079937e+01
258   6.716730e+01 6.716207e+01 6.725771e+01
259   6.716468e+01 6.719759e+01 6.717317e+01
260   6.716238e+01 6.717576e+01 6.716214e+01
261   6.716025e+01 6.717238e+01 6.715981e+01
262   6.715830e+01 6.717033e+01 6.715785e+01
263   6.715647e+01 6.716837e+01 6.715606e+01
264   6.715476e+01 6.716627e+01 6.715452e+01
265   6.715319e+01 6.716479e+01 6.715298e+01
266   6.715173e+01 6.716408e+01 6.715789e+01
267   6.715091e+01 6.715970e+01 6.715675e+01
268   6.714991e+01 6.713959e+01 6.857966e+01
269   6.720704e+01 6.727659e+01 6.767855e+01
270   6.714834e+01 6.716073e+01 6.714823e+01
271   6.714700e+01 6.716046e+01 6.714646e+01
272   6.714601e+01 6.715852e+01 6.714541e+01
273   6.714498e+01 6.715716e+01 6.714453e+01
274   6.714404e+01 6.715662e+01 6.714398e+01
275   6.714321e+01 6.715549e+01 6.714307e+01
276   6.714244e+01 6.715263e+01 6.887120e+01
277   6.721419e+01 6.788702e+01 9.400907e+01
278   6.756125e+01 6.740893e+01 7.514860e+01
279   6.722025e+01 6.721584e+01 6.722443e+01
280   6.716653e+01 6.717351e+01 6.716590e+01
281   6.716374e+01 6.717056e+01 6.716381e+01
282   6.716164e+01 6.716845e+01 6.716145e+01
283   6.715958e+01 6.716677e+01 6.715947e+01
284   6.715773e+01 6.716491e+01 6.715754e+01
285   6.715595e+01 6.716334e+01 6.715582e+01
286   6.715433e+01 6.716164e+01 6.715413e+01
287   6.715278e+01 6.716031e+01 6.715262e+01
288   6.715135e+01 6.715888e+01 6.715115e+01
289   6.715000e+01 6.715767e+01 6.714982e+01
290   6.714874e+01 6.715640e+01 6.714854e+01
291   6.714755e+01 6.715536e+01 6.714737e+01
292   6.714645e+01 6.715426e+01 6.714624e+01
293   6.714540e+01 6.715323e+01 6.714521e+01
294   6.714444e+01 6.715224e+01 6.714422e+01
295   6.714352e+01 6.715151e+01 6.714332e+01
296   6.714266e+01 6.715047e+01 6.714244e+01
297   6.714185e+01 6.714973e+01 6.714164e+01
298   6.714110e+01 6.714899e+01 6.714089e+01
299   6.714040e+01 6.714834e+01 6.714018e+01
300   6.713974e+01 6.714767e+01 6.713952e+01
301   6.713912e+01 6.714704e+01 6.713890e+01
302   6.713854e+01 6.714645e+01 6.713832e+01
303   6.713799e+01 6.714590e+01 6.713777e+01
304   6.713748e+01 6.714536e+01 6.713726e+01
305   6.713700e+01 6.714487e+01 6.713678e+01
306   6.713656e+01 6.714440e+01 6.713634e+01
307   6.713614e+01 6.714395e+01 6.713592e+01
308   6.713575e+01 6.714353e+01 6.713553e+01
309   6.713538e+01 6.714313e+01 6.713516e+01
310   6.713503e+01 6.714275e+01 6.713482e+01
311   6.713471e+01 6.714239e+01 6.713450e+01
312   6.713441e+01 6.714204e+01 6.713419e+01
313   6.713413e+01 6.714172e+01 6.713392e+01
314   6.713386e+01 6.714142e+01 6.713365e+01
315   6.713362e+01 6.714110e+01 6.713341e+01
316   6.713338e+01 6.714080e+01 6.713318e+01
317   6.713317e+01 6.714054e+01 6.713296e+01
318   6.713296e+01 6.714029e+01 6.713276e+01
319   6.713277e+01 6.714003e+01 6.713257e+01
320   6.713259e+01 6.713979e+01 6.713240e+01
321   6.713243e+01 6.713959e+01 6.713223e+01
322   6.713227e+01 6.713941e+01 6.713208e+01
323   6.713212e+01 6.713913e+01 6.713194e+01
324   6.713198e+01 6.713877e+01 6.713180e+01
