5     0.000928 0.998630 0.998554 0.002326 0.998634 0.998597
10    0.000853 0.998705 0.998551 0.005127 0.998495 0.998454
15    0.000810 0.998747 0.998510 0.008131 0.998409 0.998365
20    0.000768 0.998794 0.998463 0.011637 0.998308 0.998262
25    0.000721 0.998870 0.998455 0.015060 0.998232 0.998183
30    0.000652 0.998949 0.998447 0.019687 0.998074 0.998021
35    0.000591 0.999032 0.998440 0.024899 0.997912 0.997854
40    0.000573 0.999050 0.998304 0.029255 0.997874 0.997815
45    0.000522 0.999112 0.998225 0.036516 0.997652 0.997588
50    0.000466 0.999218 0.998263 0.046756 0.997255 0.997180
1     0.000962 0.998604 0.998589 0.000451 0.998676 0.998639
1     0.000962 0.998604 0.998589 0.000451 0.998676 0.998639
1     0.000962 0.998604 0.998589 0.000451 0.998676 0.998639
