1     4386102 7.441487e+05 1.385437e+06
2     3.490089e+06 7.101666e+05 8.011672e+05
3     6.853163e+05 6.454926e+05 6.380389e+05
4     6.248868e+05 6.018403e+05 5.966169e+05
5     5.955104e+05 5.715652e+05 5.692978e+05
6     5.736604e+05 5.494682e+05 5.490396e+05
7     5.569449e+05 5.327952e+05 5.335587e+05
8     5.438194e+05 5.198664e+05 5.214275e+05
9     5.332835e+05 5.096093e+05 5.117110e+05
10    5.246378e+05 5.012787e+05 5.037504e+05
11    5.174058e+05 4.943744e+05 4.970989e+05
12    5.112630e+05 4.885568e+05 4.914530e+05
13    5.059801e+05 4.835882e+05 4.865987e+05
14    5.013916e+05 4.792986e+05 4.823820e+05
15    4.973750e+05 4.755637e+05 4.786893e+05
16    4.938372e+05 4.722900e+05 4.754346e+05
17    4.907059e+05 4.694055e+05 4.725514e+05
18    4.879236e+05 4.668537e+05 4.699870e+05
19    4.854435e+05 4.645888e+05 4.676985e+05
20    4.832364e+05 4.625836e+05 4.656609e+05
21    4.812611e+05 4.607978e+05 4.638357e+05
22    4.794883e+05 4.592023e+05 4.621954e+05
23    4.778943e+05 4.577748e+05 4.607187e+05
24    4.764589e+05 4.564959e+05 4.593872e+05
25    4.751642e+05 4.553490e+05 4.581848e+05
26    4.739950e+05 4.543193e+05 4.570976e+05
27    4.729376e+05 4.533940e+05 4.561133e+05
28    4.719801e+05 4.525618e+05 4.552211e+05
29    4.711121e+05 4.518127e+05 4.544113e+05
30    4.703241e+05 4.511380e+05 4.536755e+05
31    4.696079e+05 4.505299e+05 4.530062e+05
32    4.689563e+05 4.499813e+05 4.523967e+05
33    4.683627e+05 4.494862e+05 4.518410e+05
34    4.678213e+05 4.490392e+05 4.513339e+05
35    4.673270e+05 4.486352e+05 4.508705e+05
36    4.668751e+05 4.482701e+05 4.504468e+05
37    4.664617e+05 4.479400e+05 4.500588e+05
38    4.660829e+05 4.476413e+05 4.497033e+05
39    4.657356e+05 4.473710e+05 4.493771e+05
40    4.654167e+05 4.471263e+05 4.490776e+05
41    4.651237e+05 4.469048e+05 4.488024e+05
42    4.648542e+05 4.467042e+05 4.485492e+05
43    4.646061e+05 4.465225e+05 4.483160e+05
44    4.643775e+05 4.463580e+05 4.481011e+05
45    4.641666e+05 4.462091e+05 4.479029e+05
46    4.639720e+05 4.460744e+05 4.477202e+05
47    4.637944e+05 4.459550e+05 4.475547e+05
48    4.636298e+05 4.458474e+05 4.474015e+05
49    4.634773e+05 4.457502e+05 4.472596e+05
50    4.633361e+05 4.456622e+05 4.471281e+05
51    4.632051e+05 4.455828e+05 4.470062e+05
52    4.630836e+05 4.455111e+05 4.468931e+05
53    4.629707e+05 4.454465e+05 4.467881e+05
54    4.628658e+05 4.453883e+05 4.466905e+05
55    4.627683e+05 4.453360e+05 4.465998e+05
56    4.626777e+05 4.452890e+05 4.465154e+05
57    4.625933e+05 4.452469e+05 4.464369e+05
58    4.625147e+05 4.452093e+05 4.463638e+05
59    4.624414e+05 4.451757e+05 4.462957e+05
60    4.623732e+05 4.451459e+05 4.462322e+05
61    4.623096e+05 4.451194e+05 4.461730e+05
62    4.622502e+05 4.450960e+05 4.461178e+05
63    4.621948e+05 4.450754e+05 4.460663e+05
64    4.621430e+05 4.450574e+05 4.460182e+05
65    4.620947e+05 4.450418e+05 4.459733e+05
66    4.620496e+05 4.450282e+05 4.459314e+05
67    4.620074e+05 4.450167e+05 4.458922e+05
68    4.619680e+05 4.450069e+05 4.458555e+05
69    4.619311e+05 4.449987e+05 4.458212e+05
70    4.618966e+05 4.449920e+05 4.457892e+05
71    4.618643e+05 4.449866e+05 4.457592e+05
72    4.618341e+05 4.449825e+05 4.457311e+05
73    4.618059e+05 4.449794e+05 4.457048e+05
74    4.617794e+05 4.449774e+05 4.456802e+05
75    4.617546e+05 4.449762e+05 4.456572e+05
76    4.617314e+05 4.449759e+05 4.456356e+05
77    4.617097e+05 4.449763e+05 4.456154e+05
78    4.616893e+05 4.449774e+05 4.455964e+05
79    4.616702e+05 4.449790e+05 4.455787e+05
80    4.616523e+05 4.449812e+05 4.455620e+05
81    4.616356e+05 4.449839e+05 4.455464e+05
82    4.616199e+05 4.449870e+05 4.455318e+05
83    4.616051e+05 4.449905e+05 4.455180e+05
84    4.615913e+05 4.449943e+05 4.455051e+05
85    4.615784e+05 4.449984e+05 4.454931e+05
86    4.615662e+05 4.450028e+05 4.454817e+05
87    4.615548e+05 4.450074e+05 4.454711e+05
88    4.615442e+05 4.450121e+05 4.454611e+05
89    4.615342e+05 4.450171e+05 4.454518e+05
90    4.615248e+05 4.450222e+05 4.454430e+05
91    4.615160e+05 4.450274e+05 4.454348e+05
92    4.615077e+05 4.450327e+05 4.454270e+05
93    4.614999e+05 4.450380e+05 4.454198e+05
94    4.614927e+05 4.450434e+05 4.454129e+05
95    4.614859e+05 4.450489e+05 4.454065e+05
96    4.614795e+05 4.450544e+05 4.454005e+05
97    4.614735e+05 4.450599e+05 4.453949e+05
98    4.614678e+05 4.450653e+05 4.453896e+05
99    4.614625e+05 4.450708e+05 4.453846e+05
100   4.614576e+05 4.450763e+05 4.453800e+05
101   4.614529e+05 4.450817e+05 4.453756e+05
102   4.614486e+05 4.450871e+05 4.453715e+05
103   4.614445e+05 4.450924e+05 4.453676e+05
104   4.614407e+05 4.450977e+05 4.453640e+05
105   4.614371e+05 4.451029e+05 4.453606e+05
106   4.614337e+05 4.451080e+05 4.453574e+05
107   4.614305e+05 4.451131e+05 4.453544e+05
108   4.614276e+05 4.451181e+05 4.453516e+05
109   4.614248e+05 4.451231e+05 4.453490e+05
110   4.614222e+05 4.451279e+05 4.453465e+05
111   4.614197e+05 4.451327e+05 4.453442e+05
112   4.614174e+05 4.451374e+05 4.453420e+05
113   4.614153e+05 4.451420e+05 4.453400e+05
114   4.614133e+05 4.451465e+05 4.453380e+05
115   4.614114e+05 4.451510e+05 4.453362e+05
116   4.614096e+05 4.451553e+05 4.453346e+05
117   4.614079e+05 4.451595e+05 4.453330e+05
118   4.614064e+05 4.451637e+05 4.453315e+05
119   4.614048e+05 4.451676e+05 4.453299e+05
120   4.614033e+05 4.451714e+05 4.453283e+05
121   4.614020e+05 4.451751e+05 4.453269e+05
122   4.614007e+05 4.451787e+05 4.453256e+05
123   4.613995e+05 4.451822e+05 4.453243e+05
124   4.613983e+05 4.451857e+05 4.453231e+05
125   4.613973e+05 4.451890e+05 4.453220e+05
126   4.613963e+05 4.451923e+05 4.453209e+05
127   4.613953e+05 4.451956e+05 4.453200e+05
128   4.613945e+05 4.451987e+05 4.453190e+05
129   4.613936e+05 4.452017e+05 4.453182e+05
130   4.613929e+05 4.452047e+05 4.453173e+05
131   4.613922e+05 4.452076e+05 4.453166e+05
132   4.613915e+05 4.452105e+05 4.453158e+05
133   4.613909e+05 4.452132e+05 4.453152e+05
134   4.613903e+05 4.452159e+05 4.453145e+05
135   4.613897e+05 4.452185e+05 4.453139e+05
136   4.613892e+05 4.452211e+05 4.453133e+05
137   4.613887e+05 4.452235e+05 4.453128e+05
138   4.613883e+05 4.452260e+05 4.453123e+05
139   4.613879e+05 4.452283e+05 4.453118e+05
140   4.613875e+05 4.452306e+05 4.453114e+05
141   4.613871e+05 4.452328e+05 4.453110e+05
142   4.613867e+05 4.452350e+05 4.453106e+05
143   4.613864e+05 4.452371e+05 4.453102e+05
144   4.613861e+05 4.452391e+05 4.453098e+05
145   4.613858e+05 4.452411e+05 4.453095e+05
146   4.613856e+05 4.452430e+05 4.453092e+05
147   4.613853e+05 4.452449e+05 4.453089e+05
148   4.613851e+05 4.452467e+05 4.453086e+05
149   4.613849e+05 4.452485e+05 4.453084e+05
150   4.613847e+05 4.452502e+05 4.453081e+05
151   4.613845e+05 4.452518e+05 4.453079e+05
152   4.613843e+05 4.452535e+05 4.453077e+05
153   4.613842e+05 4.452550e+05 4.453075e+05
154   4.613840e+05 4.452566e+05 4.453073e+05
155   4.613839e+05 4.452580e+05 4.453071e+05
156   4.613838e+05 4.452595e+05 4.453070e+05
157   4.613836e+05 4.452609e+05 4.453068e+05
158   4.613835e+05 4.452622e+05 4.453067e+05
159   4.613834e+05 4.452635e+05 4.453065e+05
160   4.613833e+05 4.452648e+05 4.453064e+05
161   4.613832e+05 4.452660e+05 4.453063e+05
162   4.613832e+05 4.452672e+05 4.453062e+05
163   4.613831e+05 4.452684e+05 4.453061e+05
164   4.613830e+05 4.452695e+05 4.453060e+05
165   4.613830e+05 4.452706e+05 4.453059e+05
166   4.613829e+05 4.452717e+05 4.453058e+05
167   4.613828e+05 4.452727e+05 4.453057e+05
168   4.613828e+05 4.452737e+05 4.453056e+05
169   4.613828e+05 4.452747e+05 4.453055e+05
170   4.613827e+05 4.452756e+05 4.453055e+05
171   4.613827e+05 4.452765e+05 4.453054e+05
172   4.613826e+05 4.452774e+05 4.453053e+05
173   4.613826e+05 4.452783e+05 4.453053e+05
174   4.613826e+05 4.452791e+05 4.453052e+05
175   4.613825e+05 4.452799e+05 4.453052e+05
176   4.613825e+05 4.452807e+05 4.453051e+05
177   4.613825e+05 4.452814e+05 4.453051e+05
178   4.613825e+05 4.452822e+05 4.453051e+05
179   4.613825e+05 4.452829e+05 4.453050e+05
180   4.613824e+05 4.452836e+05 4.453050e+05
181   4.613824e+05 4.452842e+05 4.453050e+05
182   4.613824e+05 4.452849e+05 4.453049e+05
183   4.613824e+05 4.452855e+05 4.453049e+05
184   4.613824e+05 4.452861e+05 4.453049e+05
185   4.613824e+05 4.452867e+05 4.453049e+05
186   4.613824e+05 4.452873e+05 4.453048e+05
187   4.613824e+05 4.452878e+05 4.453048e+05
188   4.613824e+05 4.452884e+05 4.453048e+05
189   4.613824e+05 4.452889e+05 4.453048e+05
190   4.613824e+05 4.452894e+05 4.453048e+05
191   4.613824e+05 4.452899e+05 4.453047e+05
192   4.613824e+05 4.452903e+05 4.453047e+05
193   4.613824e+05 4.452908e+05 4.453047e+05
194   4.613824e+05 4.452912e+05 4.453047e+05
195   4.613824e+05 4.452917e+05 4.453047e+05
196   4.613824e+05 4.452921e+05 4.453047e+05
197   4.613824e+05 4.452925e+05 4.453047e+05
198   4.613824e+05 4.452929e+05 4.453047e+05
199   4.613824e+05 4.452932e+05 4.453047e+05
200   4.613824e+05 4.452936e+05 4.453046e+05
201   4.613824e+05 4.452940e+05 4.453046e+05
202   4.613824e+05 4.452943e+05 4.453046e+05
203   4.613824e+05 4.452946e+05 4.453046e+05
204   4.613824e+05 4.452949e+05 4.453046e+05
205   4.613824e+05 4.452953e+05 4.453046e+05
206   4.613824e+05 4.452956e+05 4.453046e+05
207   4.613824e+05 4.452958e+05 4.453046e+05
208   4.613824e+05 4.452961e+05 4.453046e+05
209   4.613824e+05 4.452964e+05 4.453046e+05
210   4.613824e+05 4.452967e+05 4.453046e+05
211   4.613824e+05 4.452969e+05 4.453046e+05
212   4.613824e+05 4.452972e+05 4.453046e+05
213   4.613824e+05 4.452974e+05 4.453046e+05
214   4.613824e+05 4.452976e+05 4.453046e+05
215   4.613824e+05 4.452979e+05 4.453046e+05
216   4.613824e+05 4.452981e+05 4.453046e+05
217   4.613824e+05 4.452983e+05 4.453046e+05
218   4.613824e+05 4.452985e+05 4.453046e+05
219   4.613824e+05 4.452987e+05 4.453046e+05
220   4.613824e+05 4.452989e+05 4.453046e+05
221   4.613824e+05 4.452991e+05 4.453046e+05
222   4.613824e+05 4.452992e+05 4.453046e+05
223   4.613824e+05 4.452994e+05 4.453046e+05
224   4.613824e+05 4.452996e+05 4.453046e+05
225   4.613824e+05 4.452997e+05 4.453046e+05
226   4.613824e+05 4.452999e+05 4.453046e+05
1     4386102 7.441487e+05 1.385437e+06
2     3.490089e+06 7.101666e+05 8.011672e+05
3     6.853163e+05 6.454926e+05 6.380389e+05
4     6.248868e+05 6.018403e+05 5.966169e+05
5     5.955104e+05 5.715652e+05 5.692978e+05
6     5.736604e+05 5.494682e+05 5.490396e+05
7     5.569449e+05 5.327952e+05 5.335587e+05
8     5.438194e+05 5.198664e+05 5.214275e+05
9     5.332835e+05 5.096093e+05 5.117110e+05
10    5.246378e+05 5.012787e+05 5.037504e+05
11    5.174058e+05 4.943744e+05 4.970989e+05
12    5.112630e+05 4.885568e+05 4.914530e+05
13    5.059801e+05 4.835882e+05 4.865987e+05
14    5.013916e+05 4.792986e+05 4.823820e+05
15    4.973750e+05 4.755637e+05 4.786893e+05
16    4.938372e+05 4.722900e+05 4.754346e+05
17    4.907059e+05 4.694055e+05 4.725514e+05
18    4.879236e+05 4.668537e+05 4.699870e+05
19    4.854435e+05 4.645888e+05 4.676985e+05
20    4.832364e+05 4.625836e+05 4.656609e+05
21    4.812611e+05 4.607978e+05 4.638357e+05
22    4.794883e+05 4.592023e+05 4.621954e+05
23    4.778943e+05 4.577748e+05 4.607187e+05
24    4.764589e+05 4.564959e+05 4.593872e+05
25    4.751642e+05 4.553490e+05 4.581848e+05
26    4.739950e+05 4.543193e+05 4.570976e+05
27    4.729376e+05 4.533940e+05 4.561133e+05
28    4.719801e+05 4.525618e+05 4.552211e+05
29    4.711121e+05 4.518127e+05 4.544113e+05
30    4.703241e+05 4.511380e+05 4.536755e+05
31    4.696079e+05 4.505299e+05 4.530062e+05
32    4.689563e+05 4.499813e+05 4.523967e+05
33    4.683627e+05 4.494862e+05 4.518410e+05
34    4.678213e+05 4.490392e+05 4.513339e+05
35    4.673270e+05 4.486352e+05 4.508705e+05
36    4.668751e+05 4.482701e+05 4.504468e+05
37    4.664617e+05 4.479400e+05 4.500588e+05
38    4.660829e+05 4.476413e+05 4.497033e+05
39    4.657356e+05 4.473710e+05 4.493771e+05
40    4.654167e+05 4.471263e+05 4.490776e+05
41    4.651237e+05 4.469048e+05 4.488024e+05
42    4.648542e+05 4.467042e+05 4.485492e+05
43    4.646061e+05 4.465225e+05 4.483160e+05
44    4.643775e+05 4.463580e+05 4.481011e+05
45    4.641666e+05 4.462091e+05 4.479029e+05
46    4.639720e+05 4.460744e+05 4.477202e+05
47    4.637944e+05 4.459550e+05 4.475547e+05
48    4.636298e+05 4.458474e+05 4.474015e+05
49    4.634773e+05 4.457502e+05 4.472596e+05
50    4.633361e+05 4.456622e+05 4.471281e+05
51    4.632051e+05 4.455828e+05 4.470062e+05
52    4.630836e+05 4.455111e+05 4.468931e+05
53    4.629707e+05 4.454465e+05 4.467881e+05
54    4.628658e+05 4.453883e+05 4.466905e+05
55    4.627683e+05 4.453360e+05 4.465998e+05
56    4.626777e+05 4.452890e+05 4.465154e+05
57    4.625933e+05 4.452469e+05 4.464369e+05
58    4.625147e+05 4.452093e+05 4.463638e+05
59    4.624414e+05 4.451757e+05 4.462957e+05
60    4.623732e+05 4.451459e+05 4.462322e+05
61    4.623096e+05 4.451194e+05 4.461730e+05
62    4.622502e+05 4.450960e+05 4.461178e+05
63    4.621948e+05 4.450754e+05 4.460663e+05
64    4.621430e+05 4.450574e+05 4.460182e+05
65    4.620947e+05 4.450418e+05 4.459733e+05
66    4.620496e+05 4.450282e+05 4.459314e+05
67    4.620074e+05 4.450167e+05 4.458922e+05
68    4.619680e+05 4.450069e+05 4.458555e+05
69    4.619311e+05 4.449987e+05 4.458212e+05
70    4.618966e+05 4.449920e+05 4.457892e+05
71    4.618643e+05 4.449866e+05 4.457592e+05
72    4.618341e+05 4.449825e+05 4.457311e+05
73    4.618059e+05 4.449794e+05 4.457048e+05
74    4.617794e+05 4.449774e+05 4.456802e+05
75    4.617546e+05 4.449762e+05 4.456572e+05
76    4.617314e+05 4.449759e+05 4.456356e+05
77    4.617097e+05 4.449763e+05 4.456154e+05
78    4.616893e+05 4.449774e+05 4.455964e+05
79    4.616702e+05 4.449790e+05 4.455787e+05
80    4.616523e+05 4.449812e+05 4.455620e+05
81    4.616356e+05 4.449839e+05 4.455464e+05
82    4.616199e+05 4.449870e+05 4.455318e+05
83    4.616051e+05 4.449905e+05 4.455180e+05
84    4.615913e+05 4.449943e+05 4.455051e+05
85    4.615784e+05 4.449984e+05 4.454931e+05
86    4.615662e+05 4.450028e+05 4.454817e+05
87    4.615548e+05 4.450074e+05 4.454711e+05
88    4.615442e+05 4.450121e+05 4.454611e+05
89    4.615342e+05 4.450171e+05 4.454518e+05
90    4.615248e+05 4.450222e+05 4.454430e+05
91    4.615160e+05 4.450274e+05 4.454348e+05
92    4.615077e+05 4.450327e+05 4.454270e+05
93    4.614999e+05 4.450380e+05 4.454198e+05
94    4.614927e+05 4.450434e+05 4.454129e+05
95    4.614859e+05 4.450489e+05 4.454065e+05
96    4.614795e+05 4.450544e+05 4.454005e+05
97    4.614735e+05 4.450599e+05 4.453949e+05
98    4.614678e+05 4.450653e+05 4.453896e+05
99    4.614625e+05 4.450708e+05 4.453846e+05
100   4.614576e+05 4.450763e+05 4.453800e+05
101   4.614529e+05 4.450817e+05 4.453756e+05
102   4.614486e+05 4.450871e+05 4.453715e+05
103   4.614445e+05 4.450924e+05 4.453676e+05
104   4.614407e+05 4.450977e+05 4.453640e+05
105   4.614371e+05 4.451029e+05 4.453606e+05
106   4.614337e+05 4.451080e+05 4.453574e+05
107   4.614305e+05 4.451131e+05 4.453544e+05
108   4.614276e+05 4.451181e+05 4.453516e+05
109   4.614248e+05 4.451231e+05 4.453490e+05
110   4.614222e+05 4.451279e+05 4.453465e+05
111   4.614197e+05 4.451327e+05 4.453442e+05
112   4.614174e+05 4.451374e+05 4.453420e+05
113   4.614153e+05 4.451420e+05 4.453400e+05
114   4.614133e+05 4.451465e+05 4.453380e+05
115   4.614114e+05 4.451510e+05 4.453362e+05
116   4.614096e+05 4.451553e+05 4.453346e+05
117   4.614079e+05 4.451595e+05 4.453330e+05
118   4.614064e+05 4.451637e+05 4.453315e+05
119   4.614048e+05 4.451676e+05 4.453299e+05
120   4.614033e+05 4.451714e+05 4.453283e+05
121   4.614020e+05 4.451751e+05 4.453269e+05
122   4.614007e+05 4.451787e+05 4.453256e+05
123   4.613995e+05 4.451822e+05 4.453243e+05
124   4.613983e+05 4.451857e+05 4.453231e+05
125   4.613973e+05 4.451890e+05 4.453220e+05
126   4.613963e+05 4.451923e+05 4.453209e+05
127   4.613953e+05 4.451956e+05 4.453200e+05
128   4.613945e+05 4.451987e+05 4.453190e+05
129   4.613936e+05 4.452017e+05 4.453182e+05
130   4.613929e+05 4.452047e+05 4.453173e+05
131   4.613922e+05 4.452076e+05 4.453166e+05
132   4.613915e+05 4.452105e+05 4.453158e+05
133   4.613909e+05 4.452132e+05 4.453152e+05
134   4.613903e+05 4.452159e+05 4.453145e+05
135   4.613897e+05 4.452185e+05 4.453139e+05
136   4.613892e+05 4.452211e+05 4.453133e+05
137   4.613887e+05 4.452235e+05 4.453128e+05
138   4.613883e+05 4.452260e+05 4.453123e+05
139   4.613879e+05 4.452283e+05 4.453118e+05
140   4.613875e+05 4.452306e+05 4.453114e+05
141   4.613871e+05 4.452328e+05 4.453110e+05
142   4.613867e+05 4.452350e+05 4.453106e+05
143   4.613864e+05 4.452371e+05 4.453102e+05
144   4.613861e+05 4.452391e+05 4.453098e+05
145   4.613858e+05 4.452411e+05 4.453095e+05
146   4.613856e+05 4.452430e+05 4.453092e+05
147   4.613853e+05 4.452449e+05 4.453089e+05
148   4.613851e+05 4.452467e+05 4.453086e+05
149   4.613849e+05 4.452485e+05 4.453084e+05
150   4.613847e+05 4.452502e+05 4.453081e+05
151   4.613845e+05 4.452518e+05 4.453079e+05
152   4.613843e+05 4.452535e+05 4.453077e+05
153   4.613842e+05 4.452550e+05 4.453075e+05
154   4.613840e+05 4.452566e+05 4.453073e+05
155   4.613839e+05 4.452580e+05 4.453071e+05
156   4.613838e+05 4.452595e+05 4.453070e+05
157   4.613836e+05 4.452609e+05 4.453068e+05
158   4.613835e+05 4.452622e+05 4.453067e+05
159   4.613834e+05 4.452635e+05 4.453065e+05
160   4.613833e+05 4.452648e+05 4.453064e+05
161   4.613832e+05 4.452660e+05 4.453063e+05
162   4.613832e+05 4.452672e+05 4.453062e+05
163   4.613831e+05 4.452684e+05 4.453061e+05
164   4.613830e+05 4.452695e+05 4.453060e+05
165   4.613830e+05 4.452706e+05 4.453059e+05
166   4.613829e+05 4.452717e+05 4.453058e+05
167   4.613828e+05 4.452727e+05 4.453057e+05
168   4.613828e+05 4.452737e+05 4.453056e+05
169   4.613828e+05 4.452747e+05 4.453055e+05
170   4.613827e+05 4.452756e+05 4.453055e+05
171   4.613827e+05 4.452765e+05 4.453054e+05
172   4.613826e+05 4.452774e+05 4.453053e+05
173   4.613826e+05 4.452783e+05 4.453053e+05
174   4.613826e+05 4.452791e+05 4.453052e+05
175   4.613825e+05 4.452799e+05 4.453052e+05
176   4.613825e+05 4.452807e+05 4.453051e+05
177   4.613825e+05 4.452814e+05 4.453051e+05
178   4.613825e+05 4.452822e+05 4.453051e+05
179   4.613825e+05 4.452829e+05 4.453050e+05
180   4.613824e+05 4.452836e+05 4.453050e+05
181   4.613824e+05 4.452842e+05 4.453050e+05
182   4.613824e+05 4.452849e+05 4.453049e+05
183   4.613824e+05 4.452855e+05 4.453049e+05
184   4.613824e+05 4.452861e+05 4.453049e+05
185   4.613824e+05 4.452867e+05 4.453049e+05
186   4.613824e+05 4.452873e+05 4.453048e+05
187   4.613824e+05 4.452878e+05 4.453048e+05
188   4.613824e+05 4.452884e+05 4.453048e+05
189   4.613824e+05 4.452889e+05 4.453048e+05
190   4.613824e+05 4.452894e+05 4.453048e+05
191   4.613824e+05 4.452899e+05 4.453047e+05
192   4.613824e+05 4.452903e+05 4.453047e+05
193   4.613824e+05 4.452908e+05 4.453047e+05
194   4.613824e+05 4.452912e+05 4.453047e+05
195   4.613824e+05 4.452917e+05 4.453047e+05
196   4.613824e+05 4.452921e+05 4.453047e+05
197   4.613824e+05 4.452925e+05 4.453047e+05
198   4.613824e+05 4.452929e+05 4.453047e+05
199   4.613824e+05 4.452932e+05 4.453047e+05
200   4.613824e+05 4.452936e+05 4.453046e+05
201   4.613824e+05 4.452940e+05 4.453046e+05
202   4.613824e+05 4.452943e+05 4.453046e+05
203   4.613824e+05 4.452946e+05 4.453046e+05
204   4.613824e+05 4.452949e+05 4.453046e+05
205   4.613824e+05 4.452953e+05 4.453046e+05
206   4.613824e+05 4.452956e+05 4.453046e+05
207   4.613824e+05 4.452958e+05 4.453046e+05
208   4.613824e+05 4.452961e+05 4.453046e+05
209   4.613824e+05 4.452964e+05 4.453046e+05
210   4.613824e+05 4.452967e+05 4.453046e+05
211   4.613824e+05 4.452969e+05 4.453046e+05
212   4.613824e+05 4.452972e+05 4.453046e+05
213   4.613824e+05 4.452974e+05 4.453046e+05
214   4.613824e+05 4.452976e+05 4.453046e+05
215   4.613824e+05 4.452979e+05 4.453046e+05
216   4.613824e+05 4.452981e+05 4.453046e+05
217   4.613824e+05 4.452983e+05 4.453046e+05
218   4.613824e+05 4.452985e+05 4.453046e+05
219   4.613824e+05 4.452987e+05 4.453046e+05
220   4.613824e+05 4.452989e+05 4.453046e+05
221   4.613824e+05 4.452991e+05 4.453046e+05
222   4.613824e+05 4.452992e+05 4.453046e+05
223   4.613824e+05 4.452994e+05 4.453046e+05
224   4.613824e+05 4.452996e+05 4.453046e+05
225   4.613824e+05 4.452997e+05 4.453046e+05
226   4.613824e+05 4.452999e+05 4.453046e+05
