1     4386102 7.661239e+05 1.675375e+06
2     3.183400e+06 7.586091e+05 9.068725e+05
3     8.036416e+05 7.131304e+05 7.245295e+05
4     7.282952e+05 6.769685e+05 6.869365e+05
5     6.966546e+05 6.488906e+05 6.600905e+05
6     6.702299e+05 6.259330e+05 6.375272e+05
7     6.480997e+05 6.068106e+05 6.183960e+05
8     6.294345e+05 5.907915e+05 6.020962e+05
9     6.135940e+05 5.772967e+05 5.881332e+05
10    6.000631e+05 5.658511e+05 5.761011e+05
11    5.884278e+05 5.560725e+05 5.656695e+05
12    5.783542e+05 5.476550e+05 5.565696e+05
13    5.695733e+05 5.403539e+05 5.485826e+05
14    5.618675e+05 5.339725e+05 5.415296e+05
15    5.550604e+05 5.283530e+05 5.352643e+05
16    5.490090e+05 5.233682e+05 5.296667e+05
17    5.435966e+05 5.189151e+05 5.246381e+05
18    5.387280e+05 5.149108e+05 5.200970e+05
19    5.343252e+05 5.112876e+05 5.159763e+05
20    5.303329e+05 5.079993e+05 5.122292e+05
21    5.266939e+05 5.049967e+05 5.088049e+05
22    5.233591e+05 5.022381e+05 5.056594e+05
23    5.202917e+05 4.996927e+05 5.027599e+05
24    5.174607e+05 4.973350e+05 5.000787e+05
25    5.148400e+05 4.951438e+05 4.975921e+05
26    5.124074e+05 4.931011e+05 4.952800e+05
27    5.101439e+05 4.911918e+05 4.931253e+05
28    5.080334e+05 4.894030e+05 4.911131e+05
29    5.060617e+05 4.877238e+05 4.892305e+05
30    5.042167e+05 4.861445e+05 4.874662e+05
31    5.024876e+05 4.846569e+05 4.858104e+05
32    5.008650e+05 4.832537e+05 4.842545e+05
33    4.993405e+05 4.819285e+05 4.827906e+05
34    4.979067e+05 4.806757e+05 4.814118e+05
35    4.965568e+05 4.794901e+05 4.801121e+05
36    4.952848e+05 4.783671e+05 4.788858e+05
37    4.940853e+05 4.773027e+05 4.777279e+05
38    4.929534e+05 4.762931e+05 4.766337e+05
39    4.918844e+05 4.753348e+05 4.755992e+05
40    4.908743e+05 4.744248e+05 4.746205e+05
41    4.899193e+05 4.735601e+05 4.736940e+05
42    4.890159e+05 4.727382e+05 4.728165e+05
43    4.881608e+05 4.719564e+05 4.719850e+05
44    4.873511e+05 4.712127e+05 4.711968e+05
45    4.865840e+05 4.705047e+05 4.704493e+05
46    4.858570e+05 4.698306e+05 4.697401e+05
47    4.851676e+05 4.691886e+05 4.690669e+05
48    4.845137e+05 4.685768e+05 4.684278e+05
49    4.838964e+05 4.679967e+05 4.678245e+05
50    4.833117e+05 4.674451e+05 4.672527e+05
51    4.827564e+05 4.669191e+05 4.667092e+05
52    4.822289e+05 4.664174e+05 4.661925e+05
53    4.817276e+05 4.659386e+05 4.657010e+05
54    4.812509e+05 4.654816e+05 4.652334e+05
55    4.807977e+05 4.650454e+05 4.647883e+05
56    4.803665e+05 4.646288e+05 4.643646e+05
57    4.799562e+05 4.642309e+05 4.639612e+05
58    4.795656e+05 4.638509e+05 4.635768e+05
59    4.791937e+05 4.634877e+05 4.632106e+05
60    4.788395e+05 4.631406e+05 4.628617e+05
61    4.785021e+05 4.628089e+05 4.625290e+05
62    4.781805e+05 4.624917e+05 4.622117e+05
63    4.778740e+05 4.621884e+05 4.619092e+05
64    4.775817e+05 4.618983e+05 4.616206e+05
65    4.773029e+05 4.616208e+05 4.613452e+05
66    4.770370e+05 4.613553e+05 4.610823e+05
67    4.767833e+05 4.611013e+05 4.608314e+05
68    4.765412e+05 4.608582e+05 4.605918e+05
69    4.763100e+05 4.606255e+05 4.603630e+05
70    4.760893e+05 4.604027e+05 4.601445e+05
71    4.758785e+05 4.601895e+05 4.599357e+05
72    4.756772e+05 4.599852e+05 4.597362e+05
73    4.754848e+05 4.597897e+05 4.595455e+05
74    4.753010e+05 4.596023e+05 4.593632e+05
75    4.751254e+05 4.594229e+05 4.591889e+05
76    4.749574e+05 4.592510e+05 4.590223e+05
77    4.747969e+05 4.590863e+05 4.588629e+05
78    4.746433e+05 4.589284e+05 4.587105e+05
79    4.744965e+05 4.587772e+05 4.585647e+05
80    4.743560e+05 4.586322e+05 4.584251e+05
81    4.742216e+05 4.584933e+05 4.582916e+05
82    4.740930e+05 4.583601e+05 4.581638e+05
83    4.739699e+05 4.582324e+05 4.580415e+05
84    4.738521e+05 4.581099e+05 4.579243e+05
85    4.737394e+05 4.579925e+05 4.578122e+05
86    4.736314e+05 4.578800e+05 4.577048e+05
87    4.735280e+05 4.577720e+05 4.576020e+05
88    4.734291e+05 4.576685e+05 4.575035e+05
89    4.733342e+05 4.575692e+05 4.574092e+05
90    4.732434e+05 4.574739e+05 4.573188e+05
91    4.731564e+05 4.573825e+05 4.572322e+05
92    4.730731e+05 4.572949e+05 4.571492e+05
93    4.729932e+05 4.572108e+05 4.570697e+05
94    4.729167e+05 4.571301e+05 4.569935e+05
95    4.728433e+05 4.570526e+05 4.569205e+05
96    4.727730e+05 4.569783e+05 4.568504e+05
97    4.727056e+05 4.569070e+05 4.567833e+05
98    4.726410e+05 4.568386e+05 4.567190e+05
99    4.725791e+05 4.567729e+05 4.566573e+05
100   4.725197e+05 4.567099e+05 4.565981e+05
101   4.724627e+05 4.566494e+05 4.565414e+05
102   4.724081e+05 4.565914e+05 4.564869e+05
103   4.723557e+05 4.565356e+05 4.564348e+05
104   4.723055e+05 4.564821e+05 4.563847e+05
105   4.722573e+05 4.564307e+05 4.563367e+05
106   4.722111e+05 4.563814e+05 4.562906e+05
107   4.721668e+05 4.563341e+05 4.562464e+05
108   4.721242e+05 4.562886e+05 4.562040e+05
109   4.720834e+05 4.562450e+05 4.561634e+05
110   4.720442e+05 4.562031e+05 4.561243e+05
111   4.720066e+05 4.561628e+05 4.560869e+05
112   4.719706e+05 4.561242e+05 4.560509e+05
113   4.719359e+05 4.560871e+05 4.560164e+05
114   4.719027e+05 4.560514e+05 4.559833e+05
115   4.718708e+05 4.560172e+05 4.559515e+05
116   4.718402e+05 4.559843e+05 4.559210e+05
117   4.718108e+05 4.559527e+05 4.558917e+05
118   4.717826e+05 4.559224e+05 4.558636e+05
119   4.717556e+05 4.558933e+05 4.558366e+05
120   4.717296e+05 4.558653e+05 4.558107e+05
121   4.717046e+05 4.558384e+05 4.557858e+05
122   4.716806e+05 4.558126e+05 4.557619e+05
123   4.716576e+05 4.557878e+05 4.557390e+05
124   4.716355e+05 4.557640e+05 4.557170e+05
125   4.716143e+05 4.557411e+05 4.556958e+05
126   4.715939e+05 4.557191e+05 4.556755e+05
127   4.715743e+05 4.556980e+05 4.556560e+05
128   4.715555e+05 4.556777e+05 4.556373e+05
129   4.715374e+05 4.556582e+05 4.556193e+05
130   4.715201e+05 4.556395e+05 4.556020e+05
131   4.715034e+05 4.556214e+05 4.555854e+05
132   4.714874e+05 4.556041e+05 4.555694e+05
133   4.714720e+05 4.555875e+05 4.555541e+05
134   4.714572e+05 4.555715e+05 4.555394e+05
135   4.714430e+05 4.555562e+05 4.555252e+05
136   4.714294e+05 4.555414e+05 4.555116e+05
137   4.714163e+05 4.555272e+05 4.554986e+05
138   4.714037e+05 4.555136e+05 4.554860e+05
139   4.713916e+05 4.555005e+05 4.554739e+05
140   4.713799e+05 4.554879e+05 4.554624e+05
141   4.713688e+05 4.554758e+05 4.554512e+05
142   4.713580e+05 4.554642e+05 4.554405e+05
143   4.713477e+05 4.554530e+05 4.554302e+05
144   4.713378e+05 4.554422e+05 4.554203e+05
145   4.713282e+05 4.554319e+05 4.554108e+05
146   4.713190e+05 4.554220e+05 4.554017e+05
147   4.713102e+05 4.554124e+05 4.553929e+05
148   4.713017e+05 4.554032e+05 4.553845e+05
149   4.712936e+05 4.553944e+05 4.553764e+05
150   4.712858e+05 4.553859e+05 4.553686e+05
151   4.712782e+05 4.553777e+05 4.553611e+05
152   4.712710e+05 4.553699e+05 4.553539e+05
153   4.712640e+05 4.553624e+05 4.553469e+05
154   4.712573e+05 4.553551e+05 4.553403e+05
155   4.712509e+05 4.553481e+05 4.553338e+05
156   4.712447e+05 4.553414e+05 4.553277e+05
157   4.712387e+05 4.553349e+05 4.553217e+05
158   4.712330e+05 4.553287e+05 4.553160e+05
159   4.712275e+05 4.553228e+05 4.553106e+05
160   4.712222e+05 4.553170e+05 4.553053e+05
161   4.712171e+05 4.553115e+05 4.553002e+05
162   4.712122e+05 4.553062e+05 4.552953e+05
163   4.712075e+05 4.553011e+05 4.552906e+05
164   4.712030e+05 4.552962e+05 4.552861e+05
165   4.711986e+05 4.552914e+05 4.552818e+05
166   4.711944e+05 4.552869e+05 4.552776e+05
167   4.711904e+05 4.552825e+05 4.552736e+05
168   4.711865e+05 4.552783e+05 4.552697e+05
169   4.711827e+05 4.552742e+05 4.552660e+05
170   4.711791e+05 4.552703e+05 4.552624e+05
171   4.711757e+05 4.552666e+05 4.552589e+05
172   4.711723e+05 4.552630e+05 4.552556e+05
173   4.711691e+05 4.552595e+05 4.552524e+05
174   4.711660e+05 4.552562e+05 4.552494e+05
175   4.711631e+05 4.552529e+05 4.552464e+05
176   4.711602e+05 4.552498e+05 4.552436e+05
177   4.711575e+05 4.552469e+05 4.552408e+05
178   4.711548e+05 4.552440e+05 4.552382e+05
179   4.711523e+05 4.552412e+05 4.552356e+05
180   4.711498e+05 4.552386e+05 4.552332e+05
181   4.711474e+05 4.552360e+05 4.552308e+05
182   4.711452e+05 4.552335e+05 4.552286e+05
183   4.711430e+05 4.552312e+05 4.552264e+05
184   4.711409e+05 4.552289e+05 4.552243e+05
185   4.711388e+05 4.552267e+05 4.552223e+05
186   4.711369e+05 4.552246e+05 4.552203e+05
187   4.711350e+05 4.552225e+05 4.552184e+05
188   4.711332e+05 4.552206e+05 4.552166e+05
189   4.711314e+05 4.552187e+05 4.552149e+05
190   4.711298e+05 4.552169e+05 4.552132e+05
191   4.711281e+05 4.552151e+05 4.552116e+05
192   4.711266e+05 4.552134e+05 4.552100e+05
193   4.711251e+05 4.552118e+05 4.552085e+05
194   4.711236e+05 4.552102e+05 4.552071e+05
195   4.711222e+05 4.552087e+05 4.552057e+05
196   4.711209e+05 4.552073e+05 4.552044e+05
197   4.711196e+05 4.552059e+05 4.552031e+05
198   4.711183e+05 4.552045e+05 4.552018e+05
199   4.711171e+05 4.552032e+05 4.552006e+05
200   4.711160e+05 4.552019e+05 4.551995e+05
201   4.711149e+05 4.552007e+05 4.551984e+05
202   4.711138e+05 4.551996e+05 4.551973e+05
203   4.711127e+05 4.551985e+05 4.551963e+05
204   4.711117e+05 4.551974e+05 4.551953e+05
205   4.711108e+05 4.551963e+05 4.551943e+05
206   4.711098e+05 4.551953e+05 4.551934e+05
207   4.711090e+05 4.551944e+05 4.551925e+05
208   4.711081e+05 4.551934e+05 4.551916e+05
209   4.711073e+05 4.551925e+05 4.551908e+05
210   4.711065e+05 4.551917e+05 4.551900e+05
211   4.711057e+05 4.551908e+05 4.551892e+05
212   4.711049e+05 4.551900e+05 4.551885e+05
213   4.711042e+05 4.551892e+05 4.551877e+05
214   4.711035e+05 4.551885e+05 4.551870e+05
215   4.711029e+05 4.551878e+05 4.551864e+05
216   4.711022e+05 4.551871e+05 4.551857e+05
217   4.711016e+05 4.551864e+05 4.551851e+05
218   4.711010e+05 4.551858e+05 4.551845e+05
219   4.711004e+05 4.551851e+05 4.551839e+05
220   4.710999e+05 4.551845e+05 4.551834e+05
221   4.710993e+05 4.551840e+05 4.551828e+05
222   4.710988e+05 4.551834e+05 4.551823e+05
223   4.710983e+05 4.551829e+05 4.551818e+05
224   4.710978e+05 4.551823e+05 4.551813e+05
225   4.710973e+05 4.551818e+05 4.551809e+05
226   4.710969e+05 4.551813e+05 4.551804e+05
227   4.710965e+05 4.551809e+05 4.551800e+05
228   4.710960e+05 4.551804e+05 4.551796e+05
229   4.710956e+05 4.551800e+05 4.551792e+05
230   4.710952e+05 4.551796e+05 4.551788e+05
231   4.710949e+05 4.551792e+05 4.551784e+05
232   4.710945e+05 4.551788e+05 4.551780e+05
233   4.710942e+05 4.551784e+05 4.551777e+05
234   4.710938e+05 4.551780e+05 4.551773e+05
235   4.710935e+05 4.551777e+05 4.551770e+05
236   4.710932e+05 4.551773e+05 4.551767e+05
237   4.710929e+05 4.551770e+05 4.551764e+05
238   4.710926e+05 4.551767e+05 4.551761e+05
239   4.710923e+05 4.551764e+05 4.551758e+05
240   4.710920e+05 4.551761e+05 4.551755e+05
241   4.710917e+05 4.551758e+05 4.551753e+05
242   4.710915e+05 4.551755e+05 4.551750e+05
243   4.710912e+05 4.551752e+05 4.551748e+05
244   4.710910e+05 4.551750e+05 4.551745e+05
245   4.710908e+05 4.551747e+05 4.551743e+05
246   4.710906e+05 4.551745e+05 4.551741e+05
247   4.710903e+05 4.551743e+05 4.551738e+05
248   4.710901e+05 4.551740e+05 4.551736e+05
249   4.710899e+05 4.551738e+05 4.551734e+05
250   4.710897e+05 4.551736e+05 4.551732e+05
251   4.710895e+05 4.551734e+05 4.551730e+05
252   4.710894e+05 4.551732e+05 4.551729e+05
253   4.710892e+05 4.551730e+05 4.551727e+05
254   4.710890e+05 4.551728e+05 4.551725e+05
255   4.710889e+05 4.551727e+05 4.551724e+05
256   4.710887e+05 4.551725e+05 4.551722e+05
257   4.710885e+05 4.551723e+05 4.551720e+05
258   4.710884e+05 4.551722e+05 4.551719e+05
259   4.710883e+05 4.551720e+05 4.551717e+05
260   4.710881e+05 4.551719e+05 4.551716e+05
261   4.710880e+05 4.551717e+05 4.551715e+05
262   4.710879e+05 4.551716e+05 4.551713e+05
263   4.710877e+05 4.551715e+05 4.551712e+05
264   4.710876e+05 4.551713e+05 4.551711e+05
265   4.710875e+05 4.551712e+05 4.551710e+05
266   4.710874e+05 4.551711e+05 4.551709e+05
267   4.710873e+05 4.551710e+05 4.551708e+05
268   4.710872e+05 4.551708e+05 4.551706e+05
269   4.710871e+05 4.551707e+05 4.551705e+05
270   4.710870e+05 4.551706e+05 4.551704e+05
271   4.710869e+05 4.551705e+05 4.551703e+05
272   4.710868e+05 4.551704e+05 4.551703e+05
273   4.710867e+05 4.551703e+05 4.551702e+05
274   4.710866e+05 4.551702e+05 4.551701e+05
