1     4386102 7.768190e+05 1.904959e+06
2     2.907589e+06 7.604903e+05 9.472135e+05
3     8.644614e+05 7.289750e+05 7.626284e+05
4     7.818295e+05 7.030358e+05 7.318070e+05
5     7.539049e+05 6.815822e+05 7.106229e+05
6     7.291889e+05 6.630862e+05 6.913100e+05
7     7.073929e+05 6.469467e+05 6.736824e+05
8     6.881186e+05 6.328159e+05 6.576465e+05
9     6.710424e+05 6.203936e+05 6.430935e+05
10    6.558862e+05 6.094232e+05 6.299072e+05
11    6.424075e+05 5.996897e+05 6.179709e+05
12    6.303946e+05 5.910130e+05 6.071712e+05
13    6.196624e+05 5.832420e+05 5.973992e+05
14    6.100499e+05 5.762499e+05 5.885530e+05
15    6.014169e+05 5.699299e+05 5.805377e+05
16    5.936415e+05 5.641919e+05 5.732664e+05
17    5.866178e+05 5.589598e+05 5.666598e+05
18    5.802540e+05 5.541691e+05 5.606462e+05
19    5.744703e+05 5.497653e+05 5.551613e+05
20    5.691975e+05 5.457018e+05 5.501474e+05
21    5.643757e+05 5.419389e+05 5.455531e+05
22    5.599528e+05 5.384429e+05 5.413329e+05
23    5.558837e+05 5.351846e+05 5.374465e+05
24    5.521290e+05 5.321392e+05 5.338581e+05
25    5.486548e+05 5.292850e+05 5.305364e+05
26    5.454314e+05 5.266035e+05 5.274536e+05
27    5.424329e+05 5.240785e+05 5.245854e+05
28    5.396368e+05 5.216960e+05 5.219104e+05
29    5.370233e+05 5.194437e+05 5.194098e+05
30    5.345753e+05 5.173108e+05 5.170669e+05
31    5.322775e+05 5.152878e+05 5.148672e+05
32    5.301246e+05 5.133740e+05 5.128061e+05
33    5.280976e+05 5.115549e+05 5.108646e+05
34    5.261852e+05 5.098233e+05 5.090320e+05
35    5.243783e+05 5.081732e+05 5.072993e+05
36    5.226686e+05 5.065991e+05 5.056587e+05
37    5.210486e+05 5.050962e+05 5.041030e+05
38    5.195119e+05 5.036602e+05 5.026259e+05
39    5.180525e+05 5.022871e+05 5.012218e+05
40    5.166651e+05 5.009732e+05 4.998857e+05
41    5.153448e+05 4.997153e+05 4.986129e+05
42    5.140873e+05 4.985102e+05 4.973994e+05
43    5.128886e+05 4.973553e+05 4.962414e+05
44    5.117451e+05 4.962477e+05 4.951355e+05
45    5.106534e+05 4.951853e+05 4.940786e+05
46    5.096105e+05 4.941657e+05 4.930679e+05
47    5.086137e+05 4.931868e+05 4.921008e+05
48    5.076602e+05 4.922467e+05 4.911748e+05
49    5.067478e+05 4.913436e+05 4.902878e+05
50    5.058741e+05 4.904757e+05 4.894376e+05
51    5.050373e+05 4.896414e+05 4.886225e+05
52    5.042352e+05 4.888393e+05 4.878405e+05
53    5.034662e+05 4.880679e+05 4.870901e+05
54    5.027286e+05 4.873258e+05 4.863697e+05
55    5.020208e+05 4.866117e+05 4.856779e+05
56    5.013413e+05 4.859245e+05 4.850132e+05
57    5.006888e+05 4.852630e+05 4.843745e+05
58    5.000620e+05 4.846261e+05 4.837604e+05
59    4.994597e+05 4.840128e+05 4.831700e+05
60    4.988807e+05 4.834221e+05 4.826021e+05
61    4.983239e+05 4.828530e+05 4.820556e+05
62    4.977885e+05 4.823047e+05 4.815298e+05
63    4.972733e+05 4.817762e+05 4.810235e+05
64    4.967774e+05 4.812669e+05 4.805361e+05
65    4.963001e+05 4.807759e+05 4.800667e+05
66    4.958406e+05 4.803025e+05 4.796145e+05
67    4.953979e+05 4.798461e+05 4.791787e+05
68    4.949715e+05 4.794058e+05 4.787588e+05
69    4.945607e+05 4.789811e+05 4.783540e+05
70    4.941647e+05 4.785714e+05 4.779638e+05
71    4.937829e+05 4.781761e+05 4.775874e+05
72    4.934149e+05 4.777946e+05 4.772244e+05
73    4.930599e+05 4.774264e+05 4.768743e+05
74    4.927175e+05 4.770710e+05 4.765364e+05
75    4.923872e+05 4.767279e+05 4.762104e+05
76    4.920684e+05 4.763966e+05 4.758957e+05
77    4.917608e+05 4.760767e+05 4.755919e+05
78    4.914638e+05 4.757677e+05 4.752987e+05
79    4.911771e+05 4.754693e+05 4.750155e+05
80    4.909003e+05 4.751810e+05 4.747419e+05
81    4.906329e+05 4.749025e+05 4.744778e+05
82    4.903747e+05 4.746334e+05 4.742225e+05
83    4.901252e+05 4.743734e+05 4.739759e+05
84    4.898842e+05 4.741221e+05 4.737377e+05
85    4.896513e+05 4.738792e+05 4.735074e+05
86    4.894262e+05 4.736444e+05 4.732848e+05
87    4.892086e+05 4.734174e+05 4.730696e+05
88    4.889983e+05 4.731980e+05 4.728616e+05
89    4.887949e+05 4.729858e+05 4.726605e+05
90    4.885983e+05 4.727806e+05 4.724660e+05
91    4.884082e+05 4.725821e+05 4.722779e+05
92    4.882243e+05 4.723902e+05 4.720960e+05
93    4.880464e+05 4.722045e+05 4.719200e+05
94    4.878744e+05 4.720249e+05 4.717497e+05
95    4.877082e+05 4.718515e+05 4.715855e+05
96    4.875490e+05 4.716856e+05 4.714285e+05
97    4.873950e+05 4.715252e+05 4.712767e+05
98    4.872460e+05 4.713700e+05 4.711298e+05
99    4.871019e+05 4.712198e+05 4.709877e+05
100   4.869624e+05 4.710745e+05 4.708501e+05
101   4.868275e+05 4.709339e+05 4.707170e+05
102   4.866969e+05 4.707979e+05 4.705882e+05
103   4.865705e+05 4.706662e+05 4.704635e+05
104   4.864481e+05 4.705387e+05 4.703427e+05
105   4.863297e+05 4.704153e+05 4.702258e+05
106   4.862150e+05 4.702959e+05 4.701127e+05
107   4.861040e+05 4.701802e+05 4.700031e+05
108   4.859964e+05 4.700682e+05 4.698969e+05
109   4.858923e+05 4.699598e+05 4.697942e+05
110   4.857915e+05 4.698548e+05 4.696946e+05
111   4.856938e+05 4.697531e+05 4.695982e+05
112   4.855992e+05 4.696546e+05 4.695048e+05
113   4.855076e+05 4.695592e+05 4.694143e+05
114   4.854188e+05 4.694668e+05 4.693266e+05
115   4.853328e+05 4.693773e+05 4.692417e+05
116   4.852495e+05 4.692906e+05 4.691594e+05
117   4.851687e+05 4.692065e+05 4.690797e+05
118   4.850905e+05 4.691251e+05 4.690024e+05
119   4.850146e+05 4.690463e+05 4.689275e+05
120   4.849412e+05 4.689698e+05 4.688549e+05
121   4.848699e+05 4.688958e+05 4.687846e+05
122   4.848009e+05 4.688240e+05 4.687164e+05
123   4.847340e+05 4.687544e+05 4.686503e+05
124   4.846691e+05 4.686870e+05 4.685862e+05
125   4.846062e+05 4.686216e+05 4.685241e+05
126   4.845453e+05 4.685583e+05 4.684639e+05
127   4.844862e+05 4.684968e+05 4.684055e+05
128   4.844289e+05 4.684373e+05 4.683489e+05
129   4.843733e+05 4.683796e+05 4.682940e+05
130   4.843194e+05 4.683236e+05 4.682408e+05
131   4.842672e+05 4.682694e+05 4.681892e+05
132   4.842165e+05 4.682168e+05 4.681391e+05
133   4.841674e+05 4.681657e+05 4.680906e+05
134   4.841197e+05 4.681163e+05 4.680435e+05
135   4.840735e+05 4.680683e+05 4.679979e+05
136   4.840287e+05 4.680218e+05 4.679536e+05
137   4.839852e+05 4.679767e+05 4.679106e+05
138   4.839430e+05 4.679329e+05 4.678690e+05
139   4.839021e+05 4.678905e+05 4.678285e+05
140   4.838624e+05 4.678493e+05 4.677893e+05
141   4.838239e+05 4.678094e+05 4.677513e+05
142   4.837866e+05 4.677707e+05 4.677144e+05
143   4.837503e+05 4.677331e+05 4.676786e+05
144   4.837152e+05 4.676967e+05 4.676439e+05
145   4.836811e+05 4.676614e+05 4.676102e+05
146   4.836480e+05 4.676271e+05 4.675775e+05
147   4.836159e+05 4.675938e+05 4.675458e+05
148   4.835847e+05 4.675615e+05 4.675151e+05
149   4.835545e+05 4.675302e+05 4.674852e+05
150   4.835251e+05 4.674998e+05 4.674562e+05
151   4.834967e+05 4.674704e+05 4.674281e+05
152   4.834690e+05 4.674418e+05 4.674008e+05
153   4.834422e+05 4.674140e+05 4.673743e+05
154   4.834162e+05 4.673871e+05 4.673486e+05
155   4.833910e+05 4.673610e+05 4.673237e+05
156   4.833665e+05 4.673356e+05 4.672995e+05
157   4.833427e+05 4.673110e+05 4.672760e+05
158   4.833196e+05 4.672871e+05 4.672532e+05
159   4.832972e+05 4.672640e+05 4.672311e+05
160   4.832754e+05 4.672415e+05 4.672096e+05
161   4.832543e+05 4.672196e+05 4.671888e+05
162   4.832338e+05 4.671985e+05 4.671686e+05
163   4.832140e+05 4.671779e+05 4.671489e+05
164   4.831946e+05 4.671579e+05 4.671298e+05
165   4.831759e+05 4.671386e+05 4.671113e+05
166   4.831577e+05 4.671198e+05 4.670934e+05
167   4.831400e+05 4.671015e+05 4.670759e+05
168   4.831229e+05 4.670838e+05 4.670590e+05
169   4.831062e+05 4.670666e+05 4.670426e+05
170   4.830901e+05 4.670499e+05 4.670266e+05
171   4.830744e+05 4.670337e+05 4.670111e+05
172   4.830592e+05 4.670180e+05 4.669961e+05
173   4.830444e+05 4.670027e+05 4.669815e+05
174   4.830300e+05 4.669879e+05 4.669673e+05
175   4.830161e+05 4.669735e+05 4.669536e+05
176   4.830025e+05 4.669595e+05 4.669402e+05
177   4.829894e+05 4.669460e+05 4.669272e+05
178   4.829766e+05 4.669328e+05 4.669146e+05
179   4.829642e+05 4.669200e+05 4.669024e+05
180   4.829522e+05 4.669076e+05 4.668905e+05
181   4.829405e+05 4.668956e+05 4.668790e+05
182   4.829292e+05 4.668839e+05 4.668678e+05
183   4.829182e+05 4.668725e+05 4.668569e+05
184   4.829075e+05 4.668615e+05 4.668463e+05
185   4.828971e+05 4.668507e+05 4.668361e+05
186   4.828870e+05 4.668403e+05 4.668261e+05
187   4.828772e+05 4.668302e+05 4.668165e+05
188   4.828677e+05 4.668204e+05 4.668071e+05
189   4.828584e+05 4.668109e+05 4.667979e+05
190   4.828494e+05 4.668017e+05 4.667891e+05
191   4.828407e+05 4.667927e+05 4.667805e+05
192   4.828322e+05 4.667840e+05 4.667721e+05
193   4.828240e+05 4.667755e+05 4.667640e+05
194   4.828160e+05 4.667673e+05 4.667561e+05
195   4.828083e+05 4.667593e+05 4.667485e+05
196   4.828007e+05 4.667515e+05 4.667410e+05
197   4.827934e+05 4.667440e+05 4.667338e+05
198   4.827863e+05 4.667367e+05 4.667268e+05
199   4.827794e+05 4.667296e+05 4.667200e+05
200   4.827727e+05 4.667226e+05 4.667134e+05
201   4.827662e+05 4.667159e+05 4.667070e+05
202   4.827599e+05 4.667094e+05 4.667007e+05
203   4.827537e+05 4.667031e+05 4.666946e+05
204   4.827477e+05 4.666970e+05 4.666888e+05
205   4.827419e+05 4.666910e+05 4.666830e+05
206   4.827363e+05 4.666852e+05 4.666775e+05
207   4.827308e+05 4.666796e+05 4.666721e+05
208   4.827255e+05 4.666741e+05 4.666668e+05
209   4.827204e+05 4.666688e+05 4.666617e+05
210   4.827153e+05 4.666636e+05 4.666568e+05
211   4.827105e+05 4.666586e+05 4.666520e+05
212   4.827057e+05 4.666537e+05 4.666473e+05
213   4.827011e+05 4.666490e+05 4.666428e+05
214   4.826967e+05 4.666444e+05 4.666383e+05
215   4.826923e+05 4.666400e+05 4.666341e+05
216   4.826881e+05 4.666356e+05 4.666299e+05
217   4.826840e+05 4.666314e+05 4.666259e+05
218   4.826800e+05 4.666273e+05 4.666219e+05
219   4.826761e+05 4.666233e+05 4.666181e+05
220   4.826724e+05 4.666195e+05 4.666144e+05
221   4.826687e+05 4.666157e+05 4.666108e+05
222   4.826652e+05 4.666121e+05 4.666073e+05
223   4.826617e+05 4.666085e+05 4.666039e+05
224   4.826584e+05 4.666051e+05 4.666006e+05
225   4.826551e+05 4.666017e+05 4.665974e+05
226   4.826520e+05 4.665985e+05 4.665943e+05
227   4.826489e+05 4.665953e+05 4.665912e+05
228   4.826459e+05 4.665923e+05 4.665883e+05
229   4.826430e+05 4.665893e+05 4.665854e+05
230   4.826402e+05 4.665864e+05 4.665826e+05
231   4.826374e+05 4.665836e+05 4.665799e+05
232   4.826348e+05 4.665808e+05 4.665773e+05
233   4.826322e+05 4.665782e+05 4.665747e+05
234   4.826297e+05 4.665756e+05 4.665723e+05
235   4.826272e+05 4.665731e+05 4.665698e+05
236   4.826248e+05 4.665706e+05 4.665675e+05
237   4.826225e+05 4.665683e+05 4.665652e+05
238   4.826203e+05 4.665660e+05 4.665630e+05
239   4.826181e+05 4.665637e+05 4.665609e+05
240   4.826160e+05 4.665616e+05 4.665588e+05
241   4.826139e+05 4.665594e+05 4.665567e+05
242   4.826119e+05 4.665574e+05 4.665548e+05
243   4.826100e+05 4.665554e+05 4.665528e+05
244   4.826081e+05 4.665534e+05 4.665510e+05
245   4.826062e+05 4.665516e+05 4.665492e+05
246   4.826045e+05 4.665497e+05 4.665474e+05
247   4.826027e+05 4.665479e+05 4.665457e+05
248   4.826010e+05 4.665462e+05 4.665440e+05
249   4.825994e+05 4.665445e+05 4.665424e+05
250   4.825978e+05 4.665429e+05 4.665408e+05
251   4.825962e+05 4.665413e+05 4.665393e+05
252   4.825947e+05 4.665398e+05 4.665378e+05
253   4.825933e+05 4.665383e+05 4.665364e+05
254   4.825918e+05 4.665368e+05 4.665350e+05
255   4.825905e+05 4.665354e+05 4.665336e+05
256   4.825891e+05 4.665340e+05 4.665323e+05
257   4.825878e+05 4.665327e+05 4.665310e+05
258   4.825865e+05 4.665314e+05 4.665297e+05
259   4.825853e+05 4.665301e+05 4.665285e+05
260   4.825841e+05 4.665289e+05 4.665273e+05
261   4.825829e+05 4.665277e+05 4.665262e+05
262   4.825818e+05 4.665265e+05 4.665250e+05
263   4.825807e+05 4.665254e+05 4.665239e+05
264   4.825796e+05 4.665243e+05 4.665229e+05
265   4.825786e+05 4.665232e+05 4.665219e+05
266   4.825776e+05 4.665222e+05 4.665209e+05
267   4.825766e+05 4.665212e+05 4.665199e+05
268   4.825756e+05 4.665202e+05 4.665189e+05
269   4.825747e+05 4.665192e+05 4.665180e+05
270   4.825738e+05 4.665183e+05 4.665171e+05
271   4.825729e+05 4.665174e+05 4.665163e+05
272   4.825720e+05 4.665165e+05 4.665154e+05
273   4.825712e+05 4.665157e+05 4.665146e+05
274   4.825704e+05 4.665148e+05 4.665138e+05
275   4.825696e+05 4.665140e+05 4.665130e+05
276   4.825689e+05 4.665132e+05 4.665123e+05
277   4.825681e+05 4.665125e+05 4.665115e+05
278   4.825674e+05 4.665117e+05 4.665108e+05
279   4.825667e+05 4.665110e+05 4.665101e+05
280   4.825660e+05 4.665103e+05 4.665094e+05
281   4.825653e+05 4.665096e+05 4.665088e+05
282   4.825647e+05 4.665090e+05 4.665081e+05
283   4.825641e+05 4.665083e+05 4.665075e+05
284   4.825634e+05 4.665077e+05 4.665069e+05
285   4.825628e+05 4.665071e+05 4.665063e+05
286   4.825623e+05 4.665065e+05 4.665058e+05
287   4.825617e+05 4.665059e+05 4.665052e+05
288   4.825612e+05 4.665054e+05 4.665047e+05
289   4.825606e+05 4.665048e+05 4.665041e+05
290   4.825601e+05 4.665043e+05 4.665036e+05
291   4.825596e+05 4.665038e+05 4.665031e+05
292   4.825591e+05 4.665033e+05 4.665026e+05
293   4.825586e+05 4.665028e+05 4.665022e+05
294   4.825582e+05 4.665023e+05 4.665017e+05
295   4.825577e+05 4.665018e+05 4.665013e+05
296   4.825573e+05 4.665014e+05 4.665008e+05
297   4.825569e+05 4.665010e+05 4.665004e+05
298   4.825565e+05 4.665005e+05 4.665000e+05
299   4.825560e+05 4.665001e+05 4.664996e+05
300   4.825557e+05 4.664997e+05 4.664992e+05
301   4.825553e+05 4.664993e+05 4.664989e+05
302   4.825549e+05 4.664989e+05 4.664985e+05
303   4.825545e+05 4.664986e+05 4.664981e+05
304   4.825542e+05 4.664982e+05 4.664978e+05
305   4.825539e+05 4.664979e+05 4.664974e+05
306   4.825535e+05 4.664975e+05 4.664971e+05
307   4.825532e+05 4.664972e+05 4.664968e+05
308   4.825529e+05 4.664969e+05 4.664965e+05
309   4.825526e+05 4.664966e+05 4.664962e+05
310   4.825523e+05 4.664963e+05 4.664959e+05
311   4.825520e+05 4.664960e+05 4.664956e+05
312   4.825517e+05 4.664957e+05 4.664953e+05
313   4.825514e+05 4.664954e+05 4.664951e+05
314   4.825512e+05 4.664951e+05 4.664948e+05
315   4.825509e+05 4.664949e+05 4.664945e+05
316   4.825507e+05 4.664946e+05 4.664943e+05
317   4.825504e+05 4.664944e+05 4.664940e+05
318   4.825502e+05 4.664941e+05 4.664938e+05
319   4.825499e+05 4.664939e+05 4.664936e+05
320   4.825497e+05 4.664936e+05 4.664934e+05
321   4.825495e+05 4.664934e+05 4.664931e+05
322   4.825493e+05 4.664932e+05 4.664929e+05
323   4.825491e+05 4.664930e+05 4.664927e+05
324   4.825489e+05 4.664928e+05 4.664925e+05
325   4.825487e+05 4.664926e+05 4.664923e+05
326   4.825485e+05 4.664924e+05 4.664921e+05
327   4.825483e+05 4.664922e+05 4.664920e+05
328   4.825481e+05 4.664920e+05 4.664918e+05
329   4.825480e+05 4.664918e+05 4.664916e+05
330   4.825478e+05 4.664917e+05 4.664914e+05
331   4.825476e+05 4.664915e+05 4.664913e+05
332   4.825475e+05 4.664913e+05 4.664911e+05
333   4.825473e+05 4.664912e+05 4.664910e+05
334   4.825471e+05 4.664910e+05 4.664908e+05
335   4.825470e+05 4.664908e+05 4.664907e+05
336   4.825468e+05 4.664907e+05 4.664905e+05
