1     4386102 7.158969e+05 2.015796e+06
2     2.602522e+06 6.763501e+05 8.886384e+05
3     9.110993e+05 6.641505e+05 7.267678e+05
4     8.206734e+05 6.521302e+05 7.039180e+05
5     7.972138e+05 6.408622e+05 6.906133e+05
6     7.758672e+05 6.307345e+05 6.770898e+05
7     7.563383e+05 6.215450e+05 6.636227e+05
8     7.384451e+05 6.130655e+05 6.504767e+05
9     7.220492e+05 6.051467e+05 6.378418e+05
10    7.070314e+05 5.976928e+05 6.258381e+05
11    6.932782e+05 5.906386e+05 6.145316e+05
12    6.806818e+05 5.839396e+05 6.039494e+05
13    6.691409e+05 5.775647e+05 5.940913e+05
14    6.585659e+05 5.714951e+05 5.849422e+05
15    6.488669e+05 5.657132e+05 5.764704e+05
16    6.399625e+05 5.602054e+05 5.686370e+05
17    6.317791e+05 5.549605e+05 5.614001e+05
18    6.242494e+05 5.499687e+05 5.547163e+05
19    6.173123e+05 5.452204e+05 5.485423e+05
20    6.109122e+05 5.407061e+05 5.428361e+05
21    6.049988e+05 5.364163e+05 5.375577e+05
22    5.995266e+05 5.323414e+05 5.326694e+05
23    5.944547e+05 5.284716e+05 5.281365e+05
24    5.897461e+05 5.247973e+05 5.239268e+05
25    5.853674e+05 5.213088e+05 5.200110e+05
26    5.812887e+05 5.179965e+05 5.163622e+05
27    5.774831e+05 5.148509e+05 5.129565e+05
28    5.739263e+05 5.118631e+05 5.097718e+05
29    5.705966e+05 5.090241e+05 5.067884e+05
30    5.674743e+05 5.063254e+05 5.039886e+05
31    5.645420e+05 5.037591e+05 5.013566e+05
32    5.617837e+05 5.013173e+05 4.988779e+05
33    5.591852e+05 4.989928e+05 4.965397e+05
34    5.567337e+05 4.967785e+05 4.943306e+05
35    5.544203e+05 4.946714e+05 4.922440e+05
36    5.522342e+05 4.926644e+05 4.902692e+05
37    5.501637e+05 4.907494e+05 4.883954e+05
38    5.482003e+05 4.889211e+05 4.866150e+05
39    5.463360e+05 4.871744e+05 4.849213e+05
40    5.445639e+05 4.855045e+05 4.833080e+05
41    5.428775e+05 4.839070e+05 4.817696e+05
42    5.412711e+05 4.823779e+05 4.803009e+05
43    5.397392e+05 4.809132e+05 4.788974e+05
44    5.382771e+05 4.795095e+05 4.775550e+05
45    5.368802e+05 4.781633e+05 4.762697e+05
46    5.355446e+05 4.768715e+05 4.750382e+05
47    5.342665e+05 4.756313e+05 4.738572e+05
48    5.330425e+05 4.744400e+05 4.727238e+05
49    5.318694e+05 4.732950e+05 4.716353e+05
50    5.307443e+05 4.721939e+05 4.705893e+05
51    5.296645e+05 4.711346e+05 4.695835e+05
52    5.286276e+05 4.701150e+05 4.686157e+05
53    5.276312e+05 4.691331e+05 4.676839e+05
54    5.266732e+05 4.681871e+05 4.667865e+05
55    5.257516e+05 4.672754e+05 4.659216e+05
56    5.248647e+05 4.663964e+05 4.650878e+05
57    5.240105e+05 4.655485e+05 4.642835e+05
58    5.231876e+05 4.647303e+05 4.635073e+05
59    5.223945e+05 4.639405e+05 4.627581e+05
60    5.216296e+05 4.631778e+05 4.620345e+05
61    5.208918e+05 4.624411e+05 4.613354e+05
62    5.201798e+05 4.617293e+05 4.606598e+05
63    5.194924e+05 4.610413e+05 4.600067e+05
64    5.188284e+05 4.603761e+05 4.593750e+05
65    5.181870e+05 4.597327e+05 4.587641e+05
66    5.175671e+05 4.591104e+05 4.581728e+05
67    5.169678e+05 4.585081e+05 4.576006e+05
68    5.163883e+05 4.579252e+05 4.570466e+05
69    5.158277e+05 4.573608e+05 4.565101e+05
70    5.152852e+05 4.568143e+05 4.559904e+05
71    5.147602e+05 4.562850e+05 4.554869e+05
72    5.142518e+05 4.557721e+05 4.549990e+05
73    5.137596e+05 4.552751e+05 4.545260e+05
74    5.132828e+05 4.547934e+05 4.540675e+05
75    5.128208e+05 4.543264e+05 4.536229e+05
76    5.123731e+05 4.538737e+05 4.531917e+05
77    5.119392e+05 4.534345e+05 4.527733e+05
78    5.115185e+05 4.530086e+05 4.523675e+05
79    5.111105e+05 4.525953e+05 4.519736e+05
80    5.107148e+05 4.521944e+05 4.515913e+05
81    5.103310e+05 4.518052e+05 4.512202e+05
82    5.099586e+05 4.514275e+05 4.508599e+05
83    5.095972e+05 4.510608e+05 4.505101e+05
84    5.092465e+05 4.507047e+05 4.501703e+05
85    5.089060e+05 4.503590e+05 4.498403e+05
86    5.085754e+05 4.500232e+05 4.495197e+05
87    5.082543e+05 4.496970e+05 4.492082e+05
88    5.079426e+05 4.493801e+05 4.489055e+05
89    5.076397e+05 4.490722e+05 4.486114e+05
90    5.073455e+05 4.487730e+05 4.483255e+05
91    5.070597e+05 4.484822e+05 4.480476e+05
92    5.067819e+05 4.481996e+05 4.477774e+05
93    5.065119e+05 4.479249e+05 4.475147e+05
94    5.062495e+05 4.476578e+05 4.472593e+05
95    5.059944e+05 4.473981e+05 4.470108e+05
96    5.057465e+05 4.471455e+05 4.467692e+05
97    5.055053e+05 4.469000e+05 4.465342e+05
98    5.052709e+05 4.466611e+05 4.463056e+05
99    5.050428e+05 4.464288e+05 4.460833e+05
100   5.048210e+05 4.462027e+05 4.458669e+05
101   5.046053e+05 4.459829e+05 4.456563e+05
102   5.043954e+05 4.457689e+05 4.454514e+05
103   5.041912e+05 4.455607e+05 4.452520e+05
104   5.039926e+05 4.453582e+05 4.450580e+05
105   5.037992e+05 4.451610e+05 4.448691e+05
106   5.036111e+05 4.449691e+05 4.446852e+05
107   5.034280e+05 4.447823e+05 4.445062e+05
108   5.032498e+05 4.446005e+05 4.443319e+05
109   5.030763e+05 4.444235e+05 4.441622e+05
110   5.029074e+05 4.442512e+05 4.439970e+05
111   5.027430e+05 4.440834e+05 4.438361e+05
112   5.025830e+05 4.439201e+05 4.436794e+05
113   5.024271e+05 4.437610e+05 4.435268e+05
114   5.022753e+05 4.436061e+05 4.433782e+05
115   5.021276e+05 4.434552e+05 4.432334e+05
116   5.019838e+05 4.433091e+05 4.430940e+05
117   5.018440e+05 4.431670e+05 4.429583e+05
118   5.017080e+05 4.430287e+05 4.428261e+05
119   5.015755e+05 4.428941e+05 4.426974e+05
120   5.014465e+05 4.427631e+05 4.425720e+05
121   5.013209e+05 4.426355e+05 4.424499e+05
122   5.011986e+05 4.425113e+05 4.423309e+05
123   5.010795e+05 4.423904e+05 4.422150e+05
124   5.009635e+05 4.422726e+05 4.421021e+05
125   5.008505e+05 4.421578e+05 4.419920e+05
126   5.007405e+05 4.420461e+05 4.418848e+05
127   5.006333e+05 4.419373e+05 4.417804e+05
128   5.005289e+05 4.418312e+05 4.416786e+05
129   5.004272e+05 4.417279e+05 4.415794e+05
130   5.003281e+05 4.416273e+05 4.414827e+05
131   5.002316e+05 4.415292e+05 4.413885e+05
132   5.001376e+05 4.414336e+05 4.412966e+05
133   5.000459e+05 4.413405e+05 4.412071e+05
134   4.999566e+05 4.412497e+05 4.411198e+05
135   4.998696e+05 4.411612e+05 4.410348e+05
136   4.997848e+05 4.410750e+05 4.409518e+05
137   4.997021e+05 4.409910e+05 4.408710e+05
138   4.996216e+05 4.409090e+05 4.407922e+05
139   4.995431e+05 4.408291e+05 4.407153e+05
140   4.994665e+05 4.407513e+05 4.406404e+05
141   4.993919e+05 4.406753e+05 4.405673e+05
142   4.993192e+05 4.406013e+05 4.404960e+05
143   4.992483e+05 4.405291e+05 4.404266e+05
144   4.991792e+05 4.404588e+05 4.403588e+05
145   4.991118e+05 4.403901e+05 4.402927e+05
146   4.990460e+05 4.403232e+05 4.402283e+05
147   4.989820e+05 4.402579e+05 4.401654e+05
148   4.989195e+05 4.401943e+05 4.401041e+05
149   4.988586e+05 4.401322e+05 4.400443e+05
150   4.987992e+05 4.400717e+05 4.399860e+05
151   4.987413e+05 4.400126e+05 4.399291e+05
152   4.986848e+05 4.399550e+05 4.398736e+05
153   4.986297e+05 4.398988e+05 4.398194e+05
154   4.985759e+05 4.398440e+05 4.397666e+05
155   4.985235e+05 4.397905e+05 4.397151e+05
156   4.984724e+05 4.397384e+05 4.396648e+05
157   4.984220e+05 4.396873e+05 4.396167e+05
158   4.983727e+05 4.396377e+05 4.395700e+05
159   4.983247e+05 4.395894e+05 4.395245e+05
160   4.982780e+05 4.395425e+05 4.394802e+05
161   4.982325e+05 4.394969e+05 4.394370e+05
162   4.981881e+05 4.394526e+05 4.393949e+05
163   4.981449e+05 4.394094e+05 4.393538e+05
164   4.981028e+05 4.393675e+05 4.393137e+05
165   4.980618e+05 4.393266e+05 4.392747e+05
166   4.980218e+05 4.392868e+05 4.392366e+05
167   4.979828e+05 4.392481e+05 4.391995e+05
168   4.979448e+05 4.392104e+05 4.391633e+05
169   4.979078e+05 4.391736e+05 4.391280e+05
170   4.978717e+05 4.391378e+05 4.390936e+05
171   4.978366e+05 4.391029e+05 4.390601e+05
172   4.978023e+05 4.390689e+05 4.390273e+05
173   4.977688e+05 4.390358e+05 4.389954e+05
174   4.977362e+05 4.390035e+05 4.389642e+05
175   4.977045e+05 4.389720e+05 4.389338e+05
176   4.976735e+05 4.389413e+05 4.389042e+05
177   4.976433e+05 4.389114e+05 4.388753e+05
178   4.976138e+05 4.388822e+05 4.388471e+05
179   4.975851e+05 4.388538e+05 4.388195e+05
180   4.975571e+05 4.388260e+05 4.387927e+05
181   4.975298e+05 4.387989e+05 4.387665e+05
182   4.975031e+05 4.387725e+05 4.387409e+05
183   4.974771e+05 4.387468e+05 4.387160e+05
184   4.974518e+05 4.387216e+05 4.386916e+05
185   4.974270e+05 4.386971e+05 4.386679e+05
186   4.974029e+05 4.386732e+05 4.386447e+05
187   4.973794e+05 4.386498e+05 4.386220e+05
188   4.973564e+05 4.386271e+05 4.386000e+05
189   4.973340e+05 4.386048e+05 4.385784e+05
190   4.973121e+05 4.385832e+05 4.385574e+05
191   4.972908e+05 4.385620e+05 4.385368e+05
192   4.972700e+05 4.385413e+05 4.385168e+05
193   4.972497e+05 4.385212e+05 4.384972e+05
194   4.972299e+05 4.385015e+05 4.384781e+05
195   4.972106e+05 4.384823e+05 4.384595e+05
196   4.971917e+05 4.384635e+05 4.384413e+05
197   4.971733e+05 4.384452e+05 4.384235e+05
198   4.971553e+05 4.384274e+05 4.384062e+05
199   4.971378e+05 4.384099e+05 4.383893e+05
200   4.971207e+05 4.383929e+05 4.383728e+05
201   4.971040e+05 4.383763e+05 4.383566e+05
202   4.970877e+05 4.383601e+05 4.383409e+05
203   4.970718e+05 4.383442e+05 4.383255e+05
204   4.970563e+05 4.383288e+05 4.383105e+05
205   4.970411e+05 4.383137e+05 4.382958e+05
206   4.970263e+05 4.382989e+05 4.382815e+05
207   4.970119e+05 4.382845e+05 4.382675e+05
208   4.969978e+05 4.382705e+05 4.382539e+05
209   4.969841e+05 4.382568e+05 4.382406e+05
210   4.969706e+05 4.382434e+05 4.382275e+05
211   4.969575e+05 4.382303e+05 4.382148e+05
212   4.969447e+05 4.382175e+05 4.382024e+05
213   4.969323e+05 4.382051e+05 4.381903e+05
214   4.969201e+05 4.381929e+05 4.381785e+05
215   4.969082e+05 4.381810e+05 4.381669e+05
216   4.968965e+05 4.381694e+05 4.381557e+05
217   4.968852e+05 4.381580e+05 4.381446e+05
218   4.968741e+05 4.381470e+05 4.381339e+05
219   4.968633e+05 4.381361e+05 4.381234e+05
220   4.968528e+05 4.381256e+05 4.381131e+05
221   4.968425e+05 4.381153e+05 4.381031e+05
222   4.968324e+05 4.381052e+05 4.380933e+05
223   4.968226e+05 4.380954e+05 4.380838e+05
224   4.968130e+05 4.380858e+05 4.380744e+05
225   4.968036e+05 4.380764e+05 4.380653e+05
226   4.967945e+05 4.380672e+05 4.380564e+05
227   4.967856e+05 4.380583e+05 4.380477e+05
228   4.967768e+05 4.380495e+05 4.380392e+05
229   4.967683e+05 4.380410e+05 4.380309e+05
230   4.967600e+05 4.380326e+05 4.380228e+05
231   4.967519e+05 4.380245e+05 4.380149e+05
232   4.967440e+05 4.380165e+05 4.380072e+05
233   4.967363e+05 4.380088e+05 4.379996e+05
234   4.967287e+05 4.380012e+05 4.379922e+05
235   4.967213e+05 4.379938e+05 4.379850e+05
236   4.967141e+05 4.379865e+05 4.379780e+05
237   4.967071e+05 4.379795e+05 4.379711e+05
238   4.967002e+05 4.379725e+05 4.379644e+05
239   4.966935e+05 4.379658e+05 4.379579e+05
240   4.966870e+05 4.379592e+05 4.379515e+05
241   4.966806e+05 4.379528e+05 4.379452e+05
242   4.966743e+05 4.379465e+05 4.379391e+05
243   4.966682e+05 4.379403e+05 4.379331e+05
244   4.966623e+05 4.379343e+05 4.379273e+05
245   4.966564e+05 4.379285e+05 4.379216e+05
246   4.966508e+05 4.379227e+05 4.379160e+05
247   4.966452e+05 4.379171e+05 4.379106e+05
248   4.966398e+05 4.379117e+05 4.379053e+05
249   4.966345e+05 4.379063e+05 4.379001e+05
250   4.966293e+05 4.379011e+05 4.378950e+05
251   4.966243e+05 4.378960e+05 4.378900e+05
252   4.966194e+05 4.378910e+05 4.378852e+05
253   4.966146e+05 4.378862e+05 4.378805e+05
254   4.966099e+05 4.378814e+05 4.378759e+05
255   4.966053e+05 4.378768e+05 4.378713e+05
256   4.966008e+05 4.378723e+05 4.378669e+05
257   4.965964e+05 4.378678e+05 4.378626e+05
258   4.965921e+05 4.378635e+05 4.378584e+05
259   4.965879e+05 4.378593e+05 4.378543e+05
260   4.965839e+05 4.378551e+05 4.378503e+05
261   4.965799e+05 4.378511e+05 4.378464e+05
262   4.965760e+05 4.378472e+05 4.378425e+05
263   4.965722e+05 4.378433e+05 4.378388e+05
264   4.965685e+05 4.378395e+05 4.378351e+05
265   4.965648e+05 4.378359e+05 4.378316e+05
266   4.965613e+05 4.378323e+05 4.378281e+05
267   4.965578e+05 4.378288e+05 4.378246e+05
268   4.965545e+05 4.378253e+05 4.378213e+05
269   4.965512e+05 4.378220e+05 4.378180e+05
270   4.965479e+05 4.378187e+05 4.378149e+05
271   4.965448e+05 4.378155e+05 4.378117e+05
272   4.965417e+05 4.378124e+05 4.378087e+05
273   4.965387e+05 4.378093e+05 4.378057e+05
274   4.965358e+05 4.378063e+05 4.378028e+05
275   4.965329e+05 4.378034e+05 4.378000e+05
276   4.965301e+05 4.378005e+05 4.377972e+05
277   4.965274e+05 4.377978e+05 4.377945e+05
278   4.965247e+05 4.377950e+05 4.377919e+05
279   4.965221e+05 4.377924e+05 4.377893e+05
280   4.965195e+05 4.377898e+05 4.377868e+05
281   4.965170e+05 4.377872e+05 4.377843e+05
282   4.965146e+05 4.377848e+05 4.377819e+05
283   4.965122e+05 4.377823e+05 4.377795e+05
284   4.965099e+05 4.377800e+05 4.377772e+05
285   4.965076e+05 4.377776e+05 4.377750e+05
286   4.965054e+05 4.377754e+05 4.377727e+05
287   4.965033e+05 4.377732e+05 4.377706e+05
288   4.965012e+05 4.377710e+05 4.377685e+05
289   4.964991e+05 4.377689e+05 4.377664e+05
290   4.964971e+05 4.377668e+05 4.377644e+05
291   4.964951e+05 4.377648e+05 4.377625e+05
292   4.964932e+05 4.377628e+05 4.377606e+05
293   4.964913e+05 4.377609e+05 4.377587e+05
294   4.964895e+05 4.377590e+05 4.377568e+05
295   4.964877e+05 4.377572e+05 4.377551e+05
296   4.964859e+05 4.377554e+05 4.377533e+05
297   4.964842e+05 4.377536e+05 4.377516e+05
298   4.964825e+05 4.377519e+05 4.377499e+05
299   4.964809e+05 4.377502e+05 4.377483e+05
300   4.964793e+05 4.377486e+05 4.377467e+05
301   4.964777e+05 4.377470e+05 4.377451e+05
302   4.964762e+05 4.377454e+05 4.377436e+05
303   4.964747e+05 4.377439e+05 4.377421e+05
304   4.964732e+05 4.377424e+05 4.377407e+05
305   4.964718e+05 4.377409e+05 4.377392e+05
306   4.964704e+05 4.377395e+05 4.377379e+05
307   4.964691e+05 4.377381e+05 4.377365e+05
308   4.964677e+05 4.377367e+05 4.377352e+05
309   4.964665e+05 4.377354e+05 4.377339e+05
310   4.964652e+05 4.377341e+05 4.377326e+05
311   4.964639e+05 4.377328e+05 4.377314e+05
312   4.964627e+05 4.377316e+05 4.377301e+05
313   4.964616e+05 4.377304e+05 4.377290e+05
314   4.964604e+05 4.377292e+05 4.377278e+05
315   4.964593e+05 4.377280e+05 4.377267e+05
316   4.964582e+05 4.377269e+05 4.377256e+05
317   4.964571e+05 4.377257e+05 4.377245e+05
318   4.964560e+05 4.377247e+05 4.377234e+05
319   4.964550e+05 4.377236e+05 4.377224e+05
320   4.964540e+05 4.377226e+05 4.377214e+05
321   4.964530e+05 4.377215e+05 4.377204e+05
322   4.964521e+05 4.377205e+05 4.377194e+05
323   4.964511e+05 4.377196e+05 4.377185e+05
324   4.964502e+05 4.377186e+05 4.377175e+05
325   4.964493e+05 4.377177e+05 4.377166e+05
326   4.964485e+05 4.377168e+05 4.377158e+05
327   4.964476e+05 4.377159e+05 4.377149e+05
328   4.964468e+05 4.377150e+05 4.377140e+05
329   4.964459e+05 4.377142e+05 4.377132e+05
330   4.964452e+05 4.377134e+05 4.377124e+05
331   4.964444e+05 4.377126e+05 4.377116e+05
332   4.964436e+05 4.377118e+05 4.377109e+05
333   4.964429e+05 4.377110e+05 4.377101e+05
334   4.964421e+05 4.377102e+05 4.377094e+05
335   4.964414e+05 4.377095e+05 4.377087e+05
336   4.964407e+05 4.377088e+05 4.377079e+05
337   4.964401e+05 4.377081e+05 4.377073e+05
338   4.964394e+05 4.377074e+05 4.377066e+05
339   4.964387e+05 4.377067e+05 4.377059e+05
340   4.964381e+05 4.377060e+05 4.377053e+05
341   4.964375e+05 4.377054e+05 4.377047e+05
342   4.964369e+05 4.377048e+05 4.377040e+05
343   4.964363e+05 4.377041e+05 4.377034e+05
344   4.964357e+05 4.377035e+05 4.377029e+05
345   4.964352e+05 4.377030e+05 4.377023e+05
346   4.964346e+05 4.377024e+05 4.377017e+05
347   4.964341e+05 4.377018e+05 4.377012e+05
348   4.964335e+05 4.377013e+05 4.377006e+05
349   4.964330e+05 4.377007e+05 4.377001e+05
350   4.964325e+05 4.377002e+05 4.376996e+05
351   4.964320e+05 4.376997e+05 4.376991e+05
352   4.964316e+05 4.376992e+05 4.376986e+05
353   4.964311e+05 4.376987e+05 4.376981e+05
354   4.964306e+05 4.376982e+05 4.376977e+05
355   4.964302e+05 4.376977e+05 4.376972e+05
356   4.964297e+05 4.376973e+05 4.376967e+05
357   4.964293e+05 4.376968e+05 4.376963e+05
358   4.964289e+05 4.376964e+05 4.376959e+05
359   4.964285e+05 4.376959e+05 4.376955e+05
360   4.964281e+05 4.376955e+05 4.376951e+05
361   4.964277e+05 4.376951e+05 4.376947e+05
362   4.964273e+05 4.376947e+05 4.376943e+05
363   4.964269e+05 4.376943e+05 4.376939e+05
364   4.964266e+05 4.376939e+05 4.376935e+05
365   4.964262e+05 4.376936e+05 4.376931e+05
366   4.964259e+05 4.376932e+05 4.376928e+05
367   4.964255e+05 4.376928e+05 4.376924e+05
368   4.964252e+05 4.376925e+05 4.376921e+05
369   4.964249e+05 4.376921e+05 4.376917e+05
370   4.964246e+05 4.376918e+05 4.376914e+05
371   4.964242e+05 4.376915e+05 4.376911e+05
372   4.964239e+05 4.376911e+05 4.376908e+05
373   4.964236e+05 4.376908e+05 4.376905e+05
374   4.964233e+05 4.376905e+05 4.376902e+05
375   4.964231e+05 4.376902e+05 4.376899e+05
376   4.964228e+05 4.376899e+05 4.376896e+05
377   4.964225e+05 4.376896e+05 4.376893e+05
378   4.964222e+05 4.376894e+05 4.376890e+05
379   4.964220e+05 4.376891e+05 4.376888e+05
380   4.964217e+05 4.376888e+05 4.376885e+05
381   4.964215e+05 4.376886e+05 4.376883e+05
382   4.964212e+05 4.376883e+05 4.376880e+05
383   4.964210e+05 4.376880e+05 4.376878e+05
384   4.964208e+05 4.376878e+05 4.376875e+05
385   4.964206e+05 4.376876e+05 4.376873e+05
386   4.964203e+05 4.376873e+05 4.376871e+05
387   4.964201e+05 4.376871e+05 4.376868e+05
388   4.964199e+05 4.376869e+05 4.376866e+05
389   4.964197e+05 4.376866e+05 4.376864e+05
390   4.964195e+05 4.376864e+05 4.376862e+05
391   4.964193e+05 4.376862e+05 4.376860e+05
392   4.964191e+05 4.376860e+05 4.376858e+05
393   4.964189e+05 4.376858e+05 4.376856e+05
394   4.964187e+05 4.376856e+05 4.376854e+05
395   4.964186e+05 4.376854e+05 4.376852e+05
396   4.964184e+05 4.376852e+05 4.376850e+05
397   4.964182e+05 4.376850e+05 4.376848e+05
398   4.964180e+05 4.376849e+05 4.376847e+05
399   4.964179e+05 4.376847e+05 4.376845e+05
400   4.964177e+05 4.376845e+05 4.376843e+05
401   4.964176e+05 4.376843e+05 4.376842e+05
402   4.964174e+05 4.376842e+05 4.376840e+05
403   4.964172e+05 4.376840e+05 4.376838e+05
404   4.964171e+05 4.376839e+05 4.376837e+05
405   4.964170e+05 4.376837e+05 4.376835e+05
406   4.964168e+05 4.376836e+05 4.376834e+05
407   4.964167e+05 4.376834e+05 4.376832e+05
