1     4386102 7.798171e+05 2.296775e+06
2     2.436935e+06 7.357676e+05 9.636178e+05
3     9.280705e+05 7.236868e+05 8.029692e+05
4     8.359944e+05 7.144945e+05 7.807592e+05
5     8.142118e+05 7.065819e+05 7.686183e+05
6     7.943717e+05 6.993162e+05 7.555463e+05
7     7.759461e+05 6.923313e+05 7.419765e+05
8     7.588544e+05 6.854572e+05 7.283670e+05
9     7.430170e+05 6.786209e+05 7.150373e+05
10    7.283594e+05 6.718010e+05 7.021956e+05
11    7.148058e+05 6.650062e+05 6.899688e+05
12    7.022803e+05 6.582620e+05 6.784255e+05
13    6.907085e+05 6.516006e+05 6.675945e+05
14    6.800223e+05 6.450586e+05 6.574798e+05
15    6.701498e+05 6.386648e+05 6.480616e+05
16    6.610258e+05 6.324460e+05 6.393101e+05
17    6.525889e+05 6.264238e+05 6.311888e+05
18    6.447821e+05 6.206148e+05 6.236575e+05
19    6.375524e+05 6.150304e+05 6.166745e+05
20    6.308508e+05 6.096777e+05 6.101985e+05
21    6.246321e+05 6.045598e+05 6.041894e+05
22    6.188551e+05 5.996765e+05 5.986090e+05
23    6.134818e+05 5.950250e+05 5.934215e+05
24    6.084775e+05 5.906004e+05 5.885936e+05
25    6.038108e+05 5.863960e+05 5.840944e+05
26    5.994528e+05 5.824040e+05 5.798959e+05
27    5.953776e+05 5.786158e+05 5.759721e+05
28    5.915612e+05 5.750222e+05 5.722996e+05
29    5.879823e+05 5.716138e+05 5.688571e+05
30    5.846211e+05 5.683810e+05 5.656253e+05
31    5.814601e+05 5.653143e+05 5.625866e+05
32    5.784830e+05 5.624044e+05 5.597251e+05
33    5.756754e+05 5.596423e+05 5.570265e+05
34    5.730240e+05 5.570192e+05 5.544779e+05
35    5.705167e+05 5.545270e+05 5.520675e+05
36    5.681427e+05 5.521575e+05 5.497847e+05
37    5.658920e+05 5.499035e+05 5.476198e+05
38    5.637556e+05 5.477578e+05 5.455641e+05
39    5.617253e+05 5.457137e+05 5.436098e+05
40    5.597937e+05 5.437652e+05 5.417495e+05
41    5.579540e+05 5.419063e+05 5.399769e+05
42    5.561998e+05 5.401316e+05 5.382859e+05
43    5.545257e+05 5.384361e+05 5.366712e+05
44    5.529262e+05 5.368150e+05 5.351276e+05
45    5.513968e+05 5.352640e+05 5.336509e+05
46    5.499331e+05 5.337789e+05 5.322367e+05
47    5.485309e+05 5.323560e+05 5.308813e+05
48    5.471867e+05 5.309917e+05 5.295812e+05
49    5.458971e+05 5.296826e+05 5.283332e+05
50    5.446589e+05 5.284259e+05 5.271343e+05
51    5.434693e+05 5.272185e+05 5.259817e+05
52    5.423255e+05 5.260579e+05 5.248731e+05
53    5.412251e+05 5.249415e+05 5.238059e+05
54    5.401659e+05 5.238671e+05 5.227782e+05
55    5.391494e+05 5.228362e+05 5.217918e+05
56    5.381704e+05 5.218437e+05 5.208414e+05
57    5.372266e+05 5.208871e+05 5.199247e+05
58    5.363162e+05 5.199646e+05 5.190401e+05
59    5.354376e+05 5.190747e+05 5.181860e+05
60    5.345894e+05 5.182158e+05 5.173610e+05
61    5.337700e+05 5.173864e+05 5.165639e+05
62    5.329782e+05 5.165852e+05 5.157932e+05
63    5.322128e+05 5.158108e+05 5.150479e+05
64    5.314725e+05 5.150622e+05 5.143269e+05
65    5.307564e+05 5.143381e+05 5.136291e+05
66    5.300633e+05 5.136375e+05 5.129535e+05
67    5.293923e+05 5.129594e+05 5.122993e+05
68    5.287424e+05 5.123028e+05 5.116654e+05
69    5.281129e+05 5.116670e+05 5.110512e+05
70    5.275028e+05 5.110509e+05 5.104558e+05
71    5.269114e+05 5.104539e+05 5.098785e+05
72    5.263381e+05 5.098751e+05 5.093186e+05
73    5.257820e+05 5.093139e+05 5.087755e+05
74    5.252425e+05 5.087696e+05 5.082484e+05
75    5.247191e+05 5.082415e+05 5.077368e+05
76    5.242110e+05 5.077290e+05 5.072402e+05
77    5.237178e+05 5.072316e+05 5.067580e+05
78    5.232389e+05 5.067487e+05 5.062896e+05
79    5.227737e+05 5.062797e+05 5.058347e+05
80    5.223219e+05 5.058242e+05 5.053926e+05
81    5.218829e+05 5.053817e+05 5.049630e+05
82    5.214562e+05 5.049517e+05 5.045455e+05
83    5.210416e+05 5.045339e+05 5.041396e+05
84    5.206385e+05 5.041277e+05 5.037449e+05
85    5.202465e+05 5.037328e+05 5.033611e+05
86    5.198653e+05 5.033488e+05 5.029878e+05
87    5.194946e+05 5.029753e+05 5.026246e+05
88    5.191340e+05 5.026121e+05 5.022713e+05
89    5.187831e+05 5.022587e+05 5.019275e+05
90    5.184417e+05 5.019149e+05 5.015929e+05
91    5.181094e+05 5.015803e+05 5.012672e+05
92    5.177860e+05 5.012546e+05 5.009502e+05
93    5.174711e+05 5.009376e+05 5.006416e+05
94    5.171646e+05 5.006290e+05 5.003411e+05
95    5.168661e+05 5.003286e+05 5.000484e+05
96    5.165755e+05 5.000360e+05 4.997634e+05
97    5.162924e+05 4.997511e+05 4.994857e+05
98    5.160167e+05 4.994736e+05 4.992153e+05
99    5.157481e+05 4.992032e+05 4.989518e+05
100   5.154864e+05 4.989399e+05 4.986951e+05
101   5.152314e+05 4.986833e+05 4.984449e+05
102   5.149829e+05 4.984333e+05 4.982011e+05
103   5.147408e+05 4.981896e+05 4.979635e+05
104   5.145048e+05 4.979522e+05 4.977319e+05
105   5.142747e+05 4.977208e+05 4.975062e+05
106   5.140505e+05 4.974952e+05 4.972861e+05
107   5.138319e+05 4.972752e+05 4.970715e+05
108   5.136187e+05 4.970608e+05 4.968623e+05
109   5.134109e+05 4.968518e+05 4.966582e+05
110   5.132082e+05 4.966479e+05 4.964593e+05
111   5.130106e+05 4.964491e+05 4.962652e+05
112   5.128178e+05 4.962553e+05 4.960760e+05
113   5.126298e+05 4.960662e+05 4.958914e+05
114   5.124464e+05 4.958817e+05 4.957113e+05
115   5.122675e+05 4.957019e+05 4.955357e+05
116   5.120929e+05 4.955264e+05 4.953643e+05
117   5.119227e+05 4.953552e+05 4.951971e+05
118   5.117565e+05 4.951881e+05 4.950339e+05
119   5.115944e+05 4.950251e+05 4.948747e+05
120   5.114362e+05 4.948661e+05 4.947194e+05
121   5.112819e+05 4.947109e+05 4.945678e+05
122   5.111312e+05 4.945595e+05 4.944199e+05
123   5.109842e+05 4.944117e+05 4.942755e+05
124   5.108407e+05 4.942675e+05 4.941345e+05
125   5.107006e+05 4.941267e+05 4.939969e+05
126   5.105639e+05 4.939893e+05 4.938627e+05
127   5.104304e+05 4.938551e+05 4.937316e+05
128   5.103001e+05 4.937242e+05 4.936036e+05
129   5.101729e+05 4.935964e+05 4.934786e+05
130   5.100487e+05 4.934716e+05 4.933567e+05
131   5.099274e+05 4.933497e+05 4.932376e+05
132   5.098090e+05 4.932308e+05 4.931213e+05
133   5.096934e+05 4.931146e+05 4.930077e+05
134   5.095806e+05 4.930012e+05 4.928969e+05
135   5.094703e+05 4.928905e+05 4.927886e+05
136   5.093627e+05 4.927823e+05 4.926828e+05
137   5.092575e+05 4.926767e+05 4.925796e+05
138   5.091548e+05 4.925736e+05 4.924787e+05
139   5.090546e+05 4.924728e+05 4.923802e+05
140   5.089566e+05 4.923745e+05 4.922840e+05
141   5.088609e+05 4.922784e+05 4.921901e+05
142   5.087675e+05 4.921845e+05 4.920983e+05
143   5.086762e+05 4.920929e+05 4.920086e+05
144   5.085870e+05 4.920033e+05 4.919211e+05
145   5.084999e+05 4.919159e+05 4.918355e+05
146   5.084149e+05 4.918304e+05 4.917519e+05
147   5.083317e+05 4.917470e+05 4.916703e+05
148   5.082505e+05 4.916654e+05 4.915905e+05
149   5.081712e+05 4.915858e+05 4.915126e+05
150   5.080936e+05 4.915080e+05 4.914365e+05
151   5.080179e+05 4.914319e+05 4.913621e+05
152   5.079439e+05 4.913576e+05 4.912894e+05
153   5.078716e+05 4.912851e+05 4.912184e+05
154   5.078009e+05 4.912141e+05 4.911490e+05
155   5.077319e+05 4.911448e+05 4.910812e+05
156   5.076644e+05 4.910771e+05 4.910150e+05
157   5.075985e+05 4.910110e+05 4.909502e+05
158   5.075341e+05 4.909463e+05 4.908870e+05
159   5.074711e+05 4.908832e+05 4.908252e+05
160   5.074096e+05 4.908214e+05 4.907648e+05
161   5.073495e+05 4.907611e+05 4.907057e+05
162   5.072907e+05 4.907021e+05 4.906480e+05
163   5.072333e+05 4.906445e+05 4.905916e+05
164   5.071771e+05 4.905882e+05 4.905365e+05
165   5.071223e+05 4.905332e+05 4.904827e+05
166   5.070687e+05 4.904794e+05 4.904300e+05
167   5.070163e+05 4.904268e+05 4.903786e+05
168   5.069650e+05 4.903754e+05 4.903283e+05
169   5.069150e+05 4.903252e+05 4.902791e+05
170   5.068660e+05 4.902761e+05 4.902311e+05
171   5.068182e+05 4.902281e+05 4.901841e+05
172   5.067714e+05 4.901812e+05 4.901382e+05
173   5.067257e+05 4.901354e+05 4.900934e+05
174   5.066810e+05 4.900906e+05 4.900495e+05
175   5.066374e+05 4.900468e+05 4.900066e+05
176   5.065947e+05 4.900040e+05 4.899647e+05
177   5.065529e+05 4.899621e+05 4.899238e+05
178   5.065121e+05 4.899212e+05 4.898837e+05
179   5.064722e+05 4.898812e+05 4.898446e+05
180   5.064332e+05 4.898421e+05 4.898063e+05
181   5.063951e+05 4.898039e+05 4.897689e+05
182   5.063578e+05 4.897666e+05 4.897323e+05
183   5.063214e+05 4.897300e+05 4.896965e+05
184   5.062858e+05 4.896943e+05 4.896616e+05
185   5.062509e+05 4.896594e+05 4.896274e+05
186   5.062169e+05 4.896253e+05 4.895940e+05
187   5.061836e+05 4.895919e+05 4.895613e+05
188   5.061510e+05 4.895593e+05 4.895294e+05
189   5.061192e+05 4.895274e+05 4.894981e+05
190   5.060881e+05 4.894962e+05 4.894676e+05
191   5.060576e+05 4.894657e+05 4.894378e+05
192   5.060279e+05 4.894359e+05 4.894086e+05
193   5.059988e+05 4.894067e+05 4.893800e+05
194   5.059704e+05 4.893782e+05 4.893521e+05
195   5.059425e+05 4.893504e+05 4.893248e+05
196   5.059153e+05 4.893231e+05 4.892981e+05
197   5.058887e+05 4.892965e+05 4.892721e+05
198   5.058627e+05 4.892704e+05 4.892465e+05
199   5.058373e+05 4.892449e+05 4.892216e+05
200   5.058124e+05 4.892200e+05 4.891972e+05
201   5.057881e+05 4.891957e+05 4.891734e+05
202   5.057643e+05 4.891719e+05 4.891500e+05
203   5.057411e+05 4.891486e+05 4.891272e+05
204   5.057184e+05 4.891258e+05 4.891049e+05
205   5.056961e+05 4.891035e+05 4.890831e+05
206   5.056744e+05 4.890817e+05 4.890618e+05
207   5.056531e+05 4.890604e+05 4.890409e+05
208   5.056323e+05 4.890396e+05 4.890206e+05
209   5.056120e+05 4.890193e+05 4.890006e+05
210   5.055921e+05 4.889993e+05 4.889811e+05
211   5.055726e+05 4.889799e+05 4.889620e+05
212   5.055536e+05 4.889608e+05 4.889434e+05
213   5.055350e+05 4.889422e+05 4.889251e+05
214   5.055168e+05 4.889240e+05 4.889073e+05
215   5.054990e+05 4.889062e+05 4.888899e+05
216   5.054816e+05 4.888887e+05 4.888728e+05
217   5.054646e+05 4.888717e+05 4.888561e+05
218   5.054479e+05 4.888550e+05 4.888398e+05
219   5.054317e+05 4.888387e+05 4.888238e+05
220   5.054157e+05 4.888228e+05 4.888082e+05
221   5.054002e+05 4.888072e+05 4.887930e+05
222   5.053849e+05 4.887920e+05 4.887780e+05
223   5.053700e+05 4.887771e+05 4.887634e+05
224   5.053555e+05 4.887625e+05 4.887491e+05
225   5.053412e+05 4.887482e+05 4.887352e+05
226   5.053273e+05 4.887343e+05 4.887215e+05
227   5.053137e+05 4.887206e+05 4.887082e+05
228   5.053003e+05 4.887073e+05 4.886951e+05
229   5.052873e+05 4.886942e+05 4.886823e+05
230   5.052745e+05 4.886815e+05 4.886698e+05
231   5.052620e+05 4.886690e+05 4.886576e+05
232   5.052498e+05 4.886568e+05 4.886456e+05
233   5.052379e+05 4.886448e+05 4.886339e+05
234   5.052262e+05 4.886332e+05 4.886225e+05
235   5.052148e+05 4.886217e+05 4.886113e+05
236   5.052036e+05 4.886106e+05 4.886003e+05
237   5.051927e+05 4.885996e+05 4.885896e+05
238   5.051820e+05 4.885889e+05 4.885792e+05
239   5.051716e+05 4.885785e+05 4.885689e+05
240   5.051613e+05 4.885682e+05 4.885589e+05
241   5.051513e+05 4.885582e+05 4.885491e+05
242   5.051416e+05 4.885485e+05 4.885395e+05
243   5.051320e+05 4.885389e+05 4.885301e+05
244   5.051226e+05 4.885295e+05 4.885210e+05
245   5.051135e+05 4.885204e+05 4.885120e+05
246   5.051045e+05 4.885114e+05 4.885032e+05
247   5.050957e+05 4.885026e+05 4.884946e+05
248   5.050872e+05 4.884941e+05 4.884862e+05
249   5.050788e+05 4.884857e+05 4.884780e+05
250   5.050706e+05 4.884775e+05 4.884700e+05
251   5.050626e+05 4.884694e+05 4.884621e+05
252   5.050547e+05 4.884616e+05 4.884544e+05
253   5.050470e+05 4.884539e+05 4.884469e+05
254   5.050395e+05 4.884464e+05 4.884395e+05
255   5.050322e+05 4.884391e+05 4.884323e+05
256   5.050250e+05 4.884319e+05 4.884253e+05
257   5.050179e+05 4.884248e+05 4.884184e+05
258   5.050111e+05 4.884180e+05 4.884117e+05
259   5.050043e+05 4.884112e+05 4.884051e+05
260   5.049977e+05 4.884047e+05 4.883986e+05
261   5.049913e+05 4.883982e+05 4.883923e+05
262   5.049850e+05 4.883919e+05 4.883862e+05
263   5.049788e+05 4.883858e+05 4.883801e+05
264   5.049728e+05 4.883797e+05 4.883742e+05
265   5.049669e+05 4.883738e+05 4.883684e+05
266   5.049611e+05 4.883681e+05 4.883628e+05
267   5.049555e+05 4.883624e+05 4.883573e+05
268   5.049500e+05 4.883569e+05 4.883519e+05
269   5.049446e+05 4.883515e+05 4.883466e+05
270   5.049393e+05 4.883462e+05 4.883414e+05
271   5.049341e+05 4.883410e+05 4.883363e+05
272   5.049290e+05 4.883360e+05 4.883314e+05
273   5.049241e+05 4.883310e+05 4.883265e+05
274   5.049193e+05 4.883262e+05 4.883218e+05
275   5.049145e+05 4.883215e+05 4.883171e+05
276   5.049099e+05 4.883168e+05 4.883126e+05
277   5.049053e+05 4.883123e+05 4.883082e+05
278   5.049009e+05 4.883079e+05 4.883038e+05
279   5.048966e+05 4.883035e+05 4.882996e+05
280   5.048923e+05 4.882993e+05 4.882954e+05
281   5.048882e+05 4.882951e+05 4.882913e+05
282   5.048841e+05 4.882911e+05 4.882874e+05
283   5.048801e+05 4.882871e+05 4.882835e+05
284   5.048762e+05 4.882832e+05 4.882797e+05
285   5.048724e+05 4.882794e+05 4.882759e+05
286   5.048687e+05 4.882757e+05 4.882723e+05
287   5.048651e+05 4.882721e+05 4.882687e+05
288   5.048615e+05 4.882685e+05 4.882652e+05
289   5.048580e+05 4.882650e+05 4.882618e+05
290   5.048546e+05 4.882616e+05 4.882585e+05
291   5.048512e+05 4.882583e+05 4.882552e+05
292   5.048480e+05 4.882550e+05 4.882520e+05
293   5.048448e+05 4.882518e+05 4.882489e+05
294   5.048417e+05 4.882487e+05 4.882458e+05
295   5.048386e+05 4.882456e+05 4.882428e+05
296   5.048356e+05 4.882426e+05 4.882399e+05
297   5.048327e+05 4.882397e+05 4.882370e+05
298   5.048298e+05 4.882368e+05 4.882342e+05
299   5.048270e+05 4.882340e+05 4.882315e+05
300   5.048243e+05 4.882313e+05 4.882288e+05
301   5.048216e+05 4.882286e+05 4.882262e+05
302   5.048189e+05 4.882260e+05 4.882236e+05
303   5.048164e+05 4.882234e+05 4.882211e+05
304   5.048139e+05 4.882209e+05 4.882186e+05
305   5.048114e+05 4.882185e+05 4.882162e+05
306   5.048090e+05 4.882160e+05 4.882139e+05
307   5.048066e+05 4.882137e+05 4.882116e+05
308   5.048043e+05 4.882114e+05 4.882093e+05
309   5.048021e+05 4.882091e+05 4.882071e+05
310   5.047999e+05 4.882069e+05 4.882049e+05
311   5.047977e+05 4.882048e+05 4.882028e+05
312   5.047956e+05 4.882027e+05 4.882007e+05
313   5.047935e+05 4.882006e+05 4.881987e+05
314   5.047915e+05 4.881986e+05 4.881967e+05
315   5.047895e+05 4.881966e+05 4.881948e+05
316   5.047876e+05 4.881947e+05 4.881929e+05
317   5.047857e+05 4.881928e+05 4.881911e+05
318   5.047838e+05 4.881909e+05 4.881892e+05
319   5.047820e+05 4.881891e+05 4.881875e+05
320   5.047802e+05 4.881873e+05 4.881857e+05
321   5.047785e+05 4.881856e+05 4.881840e+05
322   5.047768e+05 4.881839e+05 4.881824e+05
323   5.047751e+05 4.881822e+05 4.881807e+05
324   5.047735e+05 4.881806e+05 4.881791e+05
325   5.047719e+05 4.881790e+05 4.881776e+05
326   5.047704e+05 4.881775e+05 4.881761e+05
327   5.047688e+05 4.881760e+05 4.881746e+05
328   5.047673e+05 4.881745e+05 4.881731e+05
329   5.047659e+05 4.881730e+05 4.881717e+05
330   5.047644e+05 4.881716e+05 4.881703e+05
331   5.047630e+05 4.881702e+05 4.881689e+05
332   5.047617e+05 4.881688e+05 4.881676e+05
333   5.047603e+05 4.881675e+05 4.881663e+05
334   5.047590e+05 4.881662e+05 4.881650e+05
335   5.047577e+05 4.881649e+05 4.881637e+05
336   5.047565e+05 4.881636e+05 4.881625e+05
337   5.047553e+05 4.881624e+05 4.881613e+05
338   5.047541e+05 4.881612e+05 4.881601e+05
339   5.047529e+05 4.881600e+05 4.881590e+05
340   5.047517e+05 4.881589e+05 4.881578e+05
341   5.047506e+05 4.881578e+05 4.881567e+05
342   5.047495e+05 4.881567e+05 4.881557e+05
343   5.047484e+05 4.881556e+05 4.881546e+05
344   5.047474e+05 4.881545e+05 4.881536e+05
345   5.047463e+05 4.881535e+05 4.881526e+05
346   5.047453e+05 4.881525e+05 4.881516e+05
347   5.047443e+05 4.881515e+05 4.881506e+05
348   5.047434e+05 4.881505e+05 4.881497e+05
349   5.047424e+05 4.881496e+05 4.881487e+05
350   5.047415e+05 4.881487e+05 4.881478e+05
351   5.047406e+05 4.881478e+05 4.881469e+05
352   5.047397e+05 4.881469e+05 4.881461e+05
353   5.047388e+05 4.881460e+05 4.881452e+05
354   5.047380e+05 4.881452e+05 4.881444e+05
355   5.047371e+05 4.881443e+05 4.881436e+05
356   5.047363e+05 4.881435e+05 4.881428e+05
357   5.047355e+05 4.881427e+05 4.881420e+05
358   5.047347e+05 4.881419e+05 4.881412e+05
359   5.047340e+05 4.881412e+05 4.881405e+05
360   5.047332e+05 4.881404e+05 4.881398e+05
361   5.047325e+05 4.881397e+05 4.881390e+05
362   5.047318e+05 4.881390e+05 4.881383e+05
363   5.047311e+05 4.881383e+05 4.881377e+05
364   5.047304e+05 4.881376e+05 4.881370e+05
365   5.047297e+05 4.881369e+05 4.881363e+05
366   5.047291e+05 4.881363e+05 4.881357e+05
367   5.047284e+05 4.881356e+05 4.881351e+05
368   5.047278e+05 4.881350e+05 4.881344e+05
369   5.047272e+05 4.881344e+05 4.881338e+05
370   5.047266e+05 4.881338e+05 4.881332e+05
371   5.047260e+05 4.881332e+05 4.881327e+05
372   5.047254e+05 4.881326e+05 4.881321e+05
373   5.047249e+05 4.881321e+05 4.881316e+05
374   5.047243e+05 4.881315e+05 4.881310e+05
375   5.047238e+05 4.881310e+05 4.881305e+05
376   5.047232e+05 4.881304e+05 4.881300e+05
377   5.047227e+05 4.881299e+05 4.881295e+05
378   5.047222e+05 4.881294e+05 4.881290e+05
379   5.047217e+05 4.881289e+05 4.881285e+05
380   5.047212e+05 4.881284e+05 4.881280e+05
381   5.047207e+05 4.881280e+05 4.881275e+05
382   5.047203e+05 4.881275e+05 4.881271e+05
383   5.047198e+05 4.881271e+05 4.881266e+05
384   5.047194e+05 4.881266e+05 4.881262e+05
385   5.047189e+05 4.881262e+05 4.881258e+05
386   5.047185e+05 4.881257e+05 4.881254e+05
387   5.047181e+05 4.881253e+05 4.881250e+05
388   5.047177e+05 4.881249e+05 4.881246e+05
389   5.047173e+05 4.881245e+05 4.881242e+05
390   5.047169e+05 4.881241e+05 4.881238e+05
391   5.047165e+05 4.881237e+05 4.881234e+05
392   5.047161e+05 4.881234e+05 4.881230e+05
393   5.047158e+05 4.881230e+05 4.881227e+05
394   5.047154e+05 4.881226e+05 4.881223e+05
395   5.047151e+05 4.881223e+05 4.881220e+05
396   5.047147e+05 4.881220e+05 4.881216e+05
397   5.047144e+05 4.881216e+05 4.881213e+05
398   5.047140e+05 4.881213e+05 4.881210e+05
399   5.047137e+05 4.881210e+05 4.881207e+05
400   5.047134e+05 4.881207e+05 4.881204e+05
401   5.047131e+05 4.881203e+05 4.881201e+05
402   5.047128e+05 4.881200e+05 4.881198e+05
403   5.047125e+05 4.881197e+05 4.881195e+05
404   5.047122e+05 4.881195e+05 4.881192e+05
405   5.047119e+05 4.881192e+05 4.881189e+05
406   5.047116e+05 4.881189e+05 4.881186e+05
407   5.047114e+05 4.881186e+05 4.881184e+05
408   5.047111e+05 4.881184e+05 4.881181e+05
409   5.047108e+05 4.881181e+05 4.881179e+05
410   5.047106e+05 4.881178e+05 4.881176e+05
411   5.047103e+05 4.881176e+05 4.881174e+05
412   5.047101e+05 4.881173e+05 4.881171e+05
413   5.047099e+05 4.881171e+05 4.881169e+05
414   5.047096e+05 4.881169e+05 4.881167e+05
415   5.047094e+05 4.881166e+05 4.881164e+05
416   5.047092e+05 4.881164e+05 4.881162e+05
417   5.047090e+05 4.881162e+05 4.881160e+05
418   5.047087e+05 4.881160e+05 4.881158e+05
419   5.047085e+05 4.881158e+05 4.881156e+05
420   5.047083e+05 4.881156e+05 4.881154e+05
421   5.047081e+05 4.881154e+05 4.881152e+05
422   5.047079e+05 4.881152e+05 4.881150e+05
423   5.047077e+05 4.881150e+05 4.881148e+05
424   5.047075e+05 4.881148e+05 4.881146e+05
425   5.047074e+05 4.881146e+05 4.881144e+05
426   5.047072e+05 4.881144e+05 4.881143e+05
427   5.047070e+05 4.881142e+05 4.881141e+05
