1     3.619533e+02 1.289150e+02 3.834366e+02
2     8.299707e+01 1.116955e+02 8.581169e+01
3     7.300203e+01 8.693345e+01 7.379657e+01
4     6.920632e+01 7.626442e+01 6.939947e+01
5     6.787160e+01 7.150276e+01 6.786949e+01
6     6.740163e+01 6.930587e+01 6.733680e+01
7     6.723316e+01 6.824632e+01 6.715039e+01
8     6.717126e+01 6.770886e+01 6.708494e+01
9     6.714777e+01 6.742282e+01 6.706196e+01
10    6.713846e+01 6.726446e+01 6.705394e+01
11    6.713457e+01 6.717426e+01 6.705120e+01
12    6.713283e+01 6.712188e+01 6.705033e+01
13    6.713200e+01 6.709113e+01 6.705012e+01
14    6.713158e+01 6.707294e+01 6.705015e+01
15    6.713135e+01 6.706216e+01 6.705025e+01
16    6.713123e+01 6.705575e+01 6.705039e+01
17    6.713115e+01 6.705194e+01 6.705054e+01
