1     3.619533e+02 3.111649e+02 3.773547e+02
2     2.811653e+02 2.791648e+02 2.770194e+02
3     2.492721e+02 2.476566e+02 2.458532e+02
4     2.208829e+02 2.194827e+02 2.179264e+02
5     1.957506e+02 1.945170e+02 1.931968e+02
6     1.734991e+02 1.724094e+02 1.712961e+02
7     1.537951e+02 1.528330e+02 1.518978e+02
8     1.363464e+02 1.354975e+02 1.347151e+02
9     1.208944e+02 1.201460e+02 1.194945e+02
10    1.072103e+02 1.065512e+02 1.060114e+02
11    9.509151e+01 9.451176e+01 9.406702e+01
12    8.435880e+01 8.384952e+01 8.348542e+01
13    7.485343e+01 7.440678e+01 7.411082e+01
14    6.643489e+01 6.604390e+01 6.580527e+01
15    5.897879e+01 5.863727e+01 5.844662e+01
16    5.237499e+01 5.207745e+01 5.192672e+01
17    4.652597e+01 4.626756e+01 4.614981e+01
18    4.134542e+01 4.112178e+01 4.103107e+01
19    3.675687e+01 3.656417e+01 3.649538e+01
20    3.269264e+01 3.252746e+01 3.247624e+01
21    2.909279e+01 2.895208e+01 2.891472e+01
22    2.590424e+01 2.578529e+01 2.575865e+01
23    2.307998e+01 2.298039e+01 2.296180e+01
24    2.057839e+01 2.049601e+01 2.048323e+01
25    1.836260e+01 1.829552e+01 1.828668e+01
26    1.639996e+01 1.634648e+01 1.634002e+01
27    1.466155e+01 1.462016e+01 1.461479e+01
28    1.312176e+01 1.309111e+01 1.308578e+01
29    1.175792e+01 1.173680e+01 1.173066e+01
30    1.054992e+01 1.053726e+01 1.052963e+01
31    9.479974e+00 9.474809e+00 9.465156e+00
32    8.532315e+00 8.533791e+00 8.521707e+00
33    7.692981e+00 7.700333e+00 7.685517e+00
34    6.949604e+00 6.962148e+00 6.944388e+00
35    6.291231e+00 6.308357e+00 6.287516e+00
36    5.708160e+00 5.729320e+00 5.705324e+00
37    5.191787e+00 5.216494e+00 5.189320e+00
38    4.734499e+00 4.762315e+00 4.731984e+00
39    4.329547e+00 4.360081e+00 4.326649e+00
40    3.970956e+00 4.003858e+00 3.967408e+00
41    3.653431e+00 3.688388e+00 3.649026e+00
42    3.372281e+00 3.409012e+00 3.366861e+00
43    3.123351e+00 3.161605e+00 3.116801e+00
44    2.902961e+00 2.942513e+00 2.895202e+00
45    2.707856e+00 2.748502e+00 2.698840e+00
46    2.535149e+00 2.576707e+00 2.524858e+00
47    2.382272e+00 2.424581e+00 2.370700e+00
48    2.246956e+00 2.289873e+00 2.234117e+00
49    2.127194e+00 2.170589e+00 2.113114e+00
50    2.021205e+00 2.064963e+00 2.005922e+00
51    1.927414e+00 1.971432e+00 1.910974e+00
52    1.844425e+00 1.888609e+00 1.826879e+00
53    1.771000e+00 1.815267e+00 1.752406e+00
54    1.706044e+00 1.750320e+00 1.686463e+00
55    1.648587e+00 1.692806e+00 1.628082e+00
56    1.597768e+00 1.641871e+00 1.576403e+00
57    1.552827e+00 1.596760e+00 1.530667e+00
58    1.513088e+00 1.556805e+00 1.490198e+00
59    1.477955e+00 1.521414e+00 1.454398e+00
60    1.446899e+00 1.490062e+00 1.422737e+00
61    1.419511e+00 1.462345e+00 1.394790e+00
62    1.395317e+00 1.437791e+00 1.370097e+00
63    1.373944e+00 1.416034e+00 1.348283e+00
64    1.355068e+00 1.396750e+00 1.329022e+00
65    1.338401e+00 1.379656e+00 1.312022e+00
66    1.323686e+00 1.364497e+00 1.297026e+00
67    1.310700e+00 1.351052e+00 1.283806e+00
68    1.299240e+00 1.339121e+00 1.272158e+00
69    1.289214e+00 1.328614e+00 1.261966e+00
70    1.280385e+00 1.319295e+00 1.253015e+00
71    1.272605e+00 1.311016e+00 1.245153e+00
72    1.265752e+00 1.303658e+00 1.238253e+00
73    1.259717e+00 1.297113e+00 1.232207e+00
74    1.254404e+00 1.291287e+00 1.226915e+00
75    1.249730e+00 1.286095e+00 1.222292e+00
76    1.245618e+00 1.281465e+00 1.218258e+00
77    1.242003e+00 1.277331e+00 1.214748e+00
78    1.238826e+00 1.273635e+00 1.211699e+00
79    1.236036e+00 1.270327e+00 1.209059e+00
80    1.233586e+00 1.267360e+00 1.206780e+00
81    1.231436e+00 1.264696e+00 1.204819e+00
82    1.229552e+00 1.262298e+00 1.203140e+00
83    1.227900e+00 1.260137e+00 1.201710e+00
84    1.226454e+00 1.258185e+00 1.200499e+00
85    1.225188e+00 1.256417e+00 1.199480e+00
86    1.224081e+00 1.254812e+00 1.198633e+00
87    1.223115e+00 1.253352e+00 1.197935e+00
88    1.222271e+00 1.252019e+00 1.197369e+00
89    1.221535e+00 1.250799e+00 1.196919e+00
90    1.220893e+00 1.249678e+00 1.196571e+00
91    1.220336e+00 1.248647e+00 1.196312e+00
92    1.219851e+00 1.247694e+00 1.196131e+00
93    1.219430e+00 1.246810e+00 1.196019e+00
94    1.219066e+00 1.245989e+00 1.195967e+00
95    1.218750e+00 1.245222e+00 1.195967e+00
96    1.218477e+00 1.244504e+00 1.196012e+00
97    1.218242e+00 1.243830e+00 1.196097e+00
98    1.218040e+00 1.243194e+00 1.196215e+00
99    1.217866e+00 1.242592e+00 1.196363e+00
100   1.217717e+00 1.242022e+00 1.196536e+00
101   1.217590e+00 1.241480e+00 1.196730e+00
102   1.217482e+00 1.240962e+00 1.196943e+00
103   1.217390e+00 1.240467e+00 1.197172e+00
104   1.217312e+00 1.239991e+00 1.197413e+00
105   1.217246e+00 1.239535e+00 1.197665e+00
106   1.217191e+00 1.239094e+00 1.197926e+00
107   1.217145e+00 1.238669e+00 1.198193e+00
108   1.217107e+00 1.238258e+00 1.198467e+00
109   1.217075e+00 1.237859e+00 1.198745e+00
110   1.217050e+00 1.237471e+00 1.199025e+00
111   1.217029e+00 1.237095e+00 1.199308e+00
112   1.217012e+00 1.236728e+00 1.199592e+00
113   1.216999e+00 1.236371e+00 1.199877e+00
114   1.216989e+00 1.236022e+00 1.200161e+00
115   1.216981e+00 1.235682e+00 1.200445e+00
116   1.216976e+00 1.235348e+00 1.200727e+00
117   1.216972e+00 1.235023e+00 1.201007e+00
118   1.216969e+00 1.234703e+00 1.201285e+00
119   1.216968e+00 1.234391e+00 1.201561e+00
120   1.216968e+00 1.234084e+00 1.201834e+00
121   1.216968e+00 1.233784e+00 1.202103e+00
122   1.216969e+00 1.233489e+00 1.202370e+00
123   1.216970e+00 1.233200e+00 1.202634e+00
124   1.216971e+00 1.232916e+00 1.202893e+00
125   1.216973e+00 1.232637e+00 1.203150e+00
126   1.216975e+00 1.232363e+00 1.203402e+00
127   1.216977e+00 1.232093e+00 1.203651e+00
128   1.216979e+00 1.231829e+00 1.203896e+00
129   1.216981e+00 1.231569e+00 1.204137e+00
130   1.216982e+00 1.231314e+00 1.204374e+00
131   1.216984e+00 1.231063e+00 1.204608e+00
132   1.216985e+00 1.230816e+00 1.204837e+00
133   1.216987e+00 1.230573e+00 1.205063e+00
134   1.216988e+00 1.230335e+00 1.205284e+00
135   1.216988e+00 1.230101e+00 1.205502e+00
136   1.216989e+00 1.229870e+00 1.205716e+00
137   1.216990e+00 1.229644e+00 1.205927e+00
138   1.216990e+00 1.229421e+00 1.206133e+00
