1     3.619533e+02 3.223541e+02 3.713426e+02
2     3.141696e+02 3.095256e+02 3.087667e+02
3     2.949312e+02 2.907391e+02 2.902457e+02
4     2.771722e+02 2.732782e+02 2.729488e+02
5     2.607916e+02 2.571758e+02 2.569888e+02
6     2.456879e+02 2.423286e+02 2.422669e+02
7     2.317600e+02 2.286399e+02 2.286855e+02
8     2.189163e+02 2.160194e+02 2.161561e+02
9     2.070726e+02 2.043840e+02 2.045973e+02
10    1.961509e+02 1.936568e+02 1.939337e+02
11    1.860798e+02 1.837671e+02 1.840961e+02
12    1.767929e+02 1.746496e+02 1.750205e+02
13    1.682293e+02 1.662441e+02 1.666478e+02
14    1.603327e+02 1.584952e+02 1.589236e+02
15    1.530513e+02 1.513516e+02 1.517977e+02
16    1.463372e+02 1.447661e+02 1.452238e+02
17    1.401463e+02 1.386953e+02 1.391591e+02
18    1.344378e+02 1.330990e+02 1.335642e+02
19    1.291743e+02 1.279401e+02 1.284026e+02
20    1.243211e+02 1.231846e+02 1.236409e+02
21    1.198463e+02 1.188010e+02 1.192481e+02
22    1.157204e+02 1.147603e+02 1.151957e+02
23    1.119164e+02 1.110356e+02 1.114572e+02
24    1.084090e+02 1.076025e+02 1.080083e+02
25    1.051753e+02 1.044380e+02 1.048267e+02
26    1.021940e+02 1.015212e+02 1.018917e+02
27    9.944535e+01 9.883285e+01 9.918414e+01
28    9.691129e+01 9.635500e+01 9.668644e+01
29    9.457509e+01 9.407125e+01 9.438236e+01
30    9.242136e+01 9.196642e+01 9.225690e+01
31    9.043588e+01 9.002653e+01 9.029625e+01
32    8.860554e+01 8.823870e+01 8.848764e+01
33    8.691825e+01 8.659103e+01 8.681930e+01
34    8.536288e+01 8.507257e+01 8.528038e+01
35    8.392913e+01 8.367320e+01 8.386085e+01
36    8.260754e+01 8.238362e+01 8.255149e+01
37    8.138934e+01 8.119523e+01 8.134374e+01
38    8.026649e+01 8.010011e+01 8.022976e+01
39    7.923155e+01 7.909097e+01 7.920228e+01
40    7.827766e+01 7.816106e+01 7.825460e+01
41    7.739850e+01 7.730418e+01 7.738055e+01
42    7.658824e+01 7.651461e+01 7.657442e+01
43    7.584149e+01 7.578707e+01 7.583096e+01
44    7.515331e+01 7.511671e+01 7.514530e+01
45    7.451912e+01 7.449903e+01 7.451299e+01
46    7.393469e+01 7.392990e+01 7.392987e+01
47    7.339616e+01 7.340552e+01 7.339215e+01
48    7.289992e+01 7.292238e+01 7.289631e+01
49    7.244268e+01 7.247723e+01 7.243909e+01
50    7.202138e+01 7.206708e+01 7.201752e+01
51    7.163322e+01 7.168920e+01 7.162882e+01
52    7.127560e+01 7.134105e+01 7.127045e+01
53    7.094613e+01 7.102028e+01 7.094005e+01
54    7.064261e+01 7.072474e+01 7.063547e+01
55    7.036301e+01 7.045246e+01 7.035469e+01
56    7.010546e+01 7.020159e+01 7.009587e+01
57    6.986822e+01 6.997045e+01 6.985731e+01
58    6.964970e+01 6.975749e+01 6.963744e+01
59    6.944845e+01 6.956127e+01 6.943479e+01
60    6.926310e+01 6.938048e+01 6.924805e+01
61    6.909240e+01 6.921390e+01 6.907597e+01
62    6.893521e+01 6.906041e+01 6.891741e+01
63    6.879047e+01 6.891897e+01 6.877133e+01
64    6.865719e+01 6.878864e+01 6.863675e+01
65    6.853448e+01 6.866853e+01 6.851278e+01
66    6.842150e+01 6.855784e+01 6.839860e+01
67    6.831750e+01 6.845582e+01 6.829343e+01
68    6.822176e+01 6.836179e+01 6.819659e+01
69    6.813363e+01 6.827512e+01 6.810742e+01
70    6.805251e+01 6.819522e+01 6.802533e+01
71    6.797786e+01 6.812156e+01 6.794975e+01
72    6.790915e+01 6.805364e+01 6.788020e+01
73    6.784593e+01 6.799101e+01 6.781619e+01
74    6.778776e+01 6.793325e+01 6.775729e+01
75    6.773424e+01 6.787997e+01 6.770311e+01
76    6.768500e+01 6.783082e+01 6.765327e+01
77    6.763970e+01 6.778547e+01 6.760743e+01
78    6.759803e+01 6.774361e+01 6.756529e+01
