1     3.619533e+02 3.214927e+02 3.599937e+02
2     3.257221e+02 3.130840e+02 3.131516e+02
3     3.109866e+02 2.989501e+02 2.994225e+02
4     2.968724e+02 2.854775e+02 2.861842e+02
5     2.835615e+02 2.727795e+02 2.736871e+02
6     2.710195e+02 2.608188e+02 2.618979e+02
7     2.591999e+02 2.495529e+02 2.507748e+02
8     2.480610e+02 2.389416e+02 2.402802e+02
9     2.375639e+02 2.289470e+02 2.303788e+02
10    2.276717e+02 2.195334e+02 2.210373e+02
11    2.183498e+02 2.106671e+02 2.122242e+02
12    2.095656e+02 2.023164e+02 2.039100e+02
13    2.012881e+02 1.944513e+02 1.960664e+02
14    1.934883e+02 1.870439e+02 1.886670e+02
15    1.861387e+02 1.800675e+02 1.816870e+02
16    1.792136e+02 1.734971e+02 1.751026e+02
17    1.726886e+02 1.673091e+02 1.688917e+02
18    1.665407e+02 1.614815e+02 1.630332e+02
19    1.607482e+02 1.559932e+02 1.575073e+02
20    1.552907e+02 1.508245e+02 1.522953e+02
21    1.501489e+02 1.459570e+02 1.473794e+02
22    1.453048e+02 1.413731e+02 1.427431e+02
23    1.407411e+02 1.370563e+02 1.383705e+02
24    1.364418e+02 1.329911e+02 1.342468e+02
25    1.323917e+02 1.291629e+02 1.303579e+02
26    1.285763e+02 1.255579e+02 1.266907e+02
27    1.249822e+02 1.221631e+02 1.232325e+02
28    1.215966e+02 1.189664e+02 1.199717e+02
29    1.184075e+02 1.159560e+02 1.168970e+02
30    1.154036e+02 1.131214e+02 1.139979e+02
31    1.125743e+02 1.104521e+02 1.112646e+02
32    1.099093e+02 1.079385e+02 1.086876e+02
33    1.073994e+02 1.055717e+02 1.062582e+02
34    1.050354e+02 1.033430e+02 1.039679e+02
35    1.028090e+02 1.012444e+02 1.018089e+02
36    1.007122e+02 9.926829e+01 9.977374e+01
37    9.873763e+01 9.740757e+01 9.785543e+01
38    9.687810e+01 9.565548e+01 9.604734e+01
39    9.512699e+01 9.400570e+01 9.434321e+01
40    9.347803e+01 9.245224e+01 9.273716e+01
41    9.192531e+01 9.098950e+01 9.122360e+01
42    9.046326e+01 8.961217e+01 8.979730e+01
43    8.908663e+01 8.831527e+01 8.845329e+01
44    8.779047e+01 8.709409e+01 8.718689e+01
45    8.657011e+01 8.594423e+01 8.599370e+01
46    8.542115e+01 8.486150e+01 8.486953e+01
47    8.433946e+01 8.384198e+01 8.381047e+01
48    8.332113e+01 8.288198e+01 8.281280e+01
49    8.236248e+01 8.197802e+01 8.187302e+01
50    8.146004e+01 8.112682e+01 8.098783e+01
51    8.061055e+01 8.032529e+01 8.015412e+01
52    7.981092e+01 7.957054e+01 7.936893e+01
53    7.905826e+01 7.885981e+01 7.862951e+01
54    7.834983e+01 7.819053e+01 7.793322e+01
55    7.768306e+01 7.756028e+01 7.727760e+01
56    7.705552e+01 7.696677e+01 7.666033e+01
57    7.646492e+01 7.640785e+01 7.607919e+01
58    7.590911e+01 7.588149e+01 7.553213e+01
59    7.538605e+01 7.538579e+01 7.501718e+01
60    7.489385e+01 7.491894e+01 7.453249e+01
61    7.443069e+01 7.447926e+01 7.407633e+01
62    7.399487e+01 7.406515e+01 7.364705e+01
63    7.358481e+01 7.367512e+01 7.324311e+01
64    7.319898e+01 7.330775e+01 7.286305e+01
65    7.283598e+01 7.296172e+01 7.250548e+01
66    7.249447e+01 7.263577e+01 7.216911e+01
67    7.217318e+01 7.232872e+01 7.185270e+01
68    7.187094e+01 7.203947e+01 7.155512e+01
69    7.158662e+01 7.176697e+01 7.127526e+01
70    7.131917e+01 7.151024e+01 7.101209e+01
71    7.106761e+01 7.126836e+01 7.076466e+01
72    7.083099e+01 7.104045e+01 7.053203e+01
73    7.060844e+01 7.082569e+01 7.031336e+01
74    7.039914e+01 7.062332e+01 7.010783e+01
75    7.020230e+01 7.043260e+01 6.991468e+01
76    7.001718e+01 7.025285e+01 6.973317e+01
77    6.984310e+01 7.008343e+01 6.956263e+01
78    6.967941e+01 6.992374e+01 6.940242e+01
79    6.952550e+01 6.977319e+01 6.925194e+01
80    6.938077e+01 6.963126e+01 6.911060e+01
81    6.924471e+01 6.949745e+01 6.897789e+01
82    6.911678e+01 6.937126e+01 6.885327e+01
83    6.899651e+01 6.925227e+01 6.873629e+01
84    6.888345e+01 6.914004e+01 6.862649e+01
85    6.877717e+01 6.903418e+01 6.852345e+01
86    6.867726e+01 6.893432e+01 6.842676e+01
87    6.858336e+01 6.884010e+01 6.833605e+01
88    6.849509e+01 6.875120e+01 6.825097e+01
89    6.841214e+01 6.866731e+01 6.817118e+01
90    6.833417e+01 6.858812e+01 6.809636e+01
91    6.826091e+01 6.851338e+01 6.802622e+01
92    6.819205e+01 6.844281e+01 6.796048e+01
93    6.812735e+01 6.837617e+01 6.789888e+01
94    6.806656e+01 6.831324e+01 6.784116e+01
95    6.800944e+01 6.825380e+01 6.778710e+01
96    6.795577e+01 6.819764e+01 6.773648e+01
97    6.790535e+01 6.814457e+01 6.768908e+01
98    6.785798e+01 6.809442e+01 6.764472e+01
