1     3.619533e+02 3.316583e+02 3.648835e+02
2     3.322447e+02 3.250091e+02 3.253449e+02
3     3.196142e+02 3.128223e+02 3.134921e+02
4     3.075712e+02 3.010949e+02 3.020001e+02
5     2.960902e+02 2.899248e+02 2.910264e+02
6     2.851550e+02 2.792905e+02 2.805577e+02
7     2.747372e+02 2.691645e+02 2.705684e+02
8     2.648122e+02 2.595227e+02 2.610370e+02
9     2.553570e+02 2.503418e+02 2.519429e+02
10    2.463495e+02 2.416000e+02 2.432664e+02
11    2.377687e+02 2.332762e+02 2.349889e+02
12    2.295947e+02 2.253503e+02 2.270923e+02
13    2.218083e+02 2.178034e+02 2.195595e+02
14    2.143914e+02 2.106174e+02 2.123741e+02
15    2.073265e+02 2.037749e+02 2.055204e+02
16    2.005972e+02 1.972596e+02 1.989835e+02
17    1.941876e+02 1.910557e+02 1.927490e+02
18    1.880828e+02 1.851485e+02 1.868033e+02
19    1.822684e+02 1.795236e+02 1.811331e+02
20    1.767306e+02 1.741677e+02 1.757261e+02
21    1.714565e+02 1.690678e+02 1.705703e+02
22    1.664337e+02 1.642117e+02 1.656542e+02
23    1.616502e+02 1.595877e+02 1.609670e+02
24    1.570949e+02 1.551848e+02 1.564982e+02
25    1.527568e+02 1.509923e+02 1.522378e+02
26    1.486258e+02 1.470001e+02 1.481764e+02
27    1.446922e+02 1.431988e+02 1.443048e+02
28    1.409464e+02 1.395792e+02 1.406144e+02
29    1.373797e+02 1.361325e+02 1.370968e+02
30    1.339836e+02 1.328505e+02 1.337441e+02
31    1.307500e+02 1.297254e+02 1.305488e+02
32    1.276713e+02 1.267496e+02 1.275036e+02
33    1.247400e+02 1.239159e+02 1.246016e+02
34    1.219492e+02 1.212177e+02 1.218362e+02
35    1.192922e+02 1.186483e+02 1.192011e+02
36    1.167626e+02 1.162017e+02 1.166904e+02
37    1.143545e+02 1.138719e+02 1.142982e+02
38    1.120620e+02 1.116534e+02 1.120191e+02
39    1.098797e+02 1.095408e+02 1.098478e+02
40    1.078023e+02 1.075292e+02 1.077794e+02
41    1.058248e+02 1.056136e+02 1.058090e+02
42    1.039424e+02 1.037894e+02 1.039322e+02
43    1.021507e+02 1.020523e+02 1.021445e+02
44    1.004453e+02 1.003982e+02 1.004419e+02
45    9.882208e+01 9.882295e+01 9.882029e+01
46    9.727713e+01 9.732292e+01 9.727599e+01
47    9.580671e+01 9.589446e+01 9.580537e+01
48    9.440727e+01 9.453416e+01 9.440498e+01
49    9.307542e+01 9.323874e+01 9.307154e+01
50    9.180792e+01 9.200512e+01 9.180191e+01
51    9.060170e+01 9.083034e+01 9.059311e+01
52    8.945382e+01 8.971157e+01 8.944227e+01
53    8.836150e+01 8.864614e+01 8.834667e+01
54    8.732206e+01 8.763150e+01 8.730373e+01
55    8.633298e+01 8.666522e+01 8.631095e+01
56    8.539184e+01 8.574499e+01 8.536598e+01
57    8.449635e+01 8.486860e+01 8.446657e+01
58    8.364430e+01 8.403396e+01 8.361055e+01
59    8.283362e+01 8.323907e+01 8.279589e+01
60    8.206232e+01 8.248203e+01 8.202062e+01
61    8.132850e+01 8.176103e+01 8.128288e+01
62    8.063036e+01 8.107435e+01 8.058089e+01
63    7.996619e+01 8.042035e+01 7.991295e+01
64    7.933434e+01 7.979746e+01 7.927745e+01
65    7.873327e+01 7.920419e+01 7.867285e+01
66    7.816148e+01 7.863914e+01 7.809767e+01
67    7.761757e+01 7.810095e+01 7.755051e+01
68    7.710020e+01 7.758834e+01 7.703003e+01
69    7.660807e+01 7.710008e+01 7.653497e+01
70    7.613998e+01 7.663501e+01 7.606411e+01
71    7.569475e+01 7.619203e+01 7.561628e+01
72    7.527129e+01 7.577008e+01 7.519039e+01
73    7.486854e+01 7.536815e+01 7.478538e+01
74    7.448550e+01 7.498528e+01 7.440026e+01
75    7.412122e+01 7.462057e+01 7.403406e+01
76    7.377478e+01 7.427315e+01 7.368588e+01
77    7.344532e+01 7.394220e+01 7.335484e+01
78    7.313203e+01 7.362691e+01 7.304013e+01
79    7.283410e+01 7.332656e+01 7.274096e+01
80    7.255080e+01 7.304043e+01 7.245657e+01
81    7.228142e+01 7.276782e+01 7.218625e+01
82    7.202528e+01 7.250811e+01 7.192932e+01
83    7.178173e+01 7.226068e+01 7.168513e+01
84    7.155017e+01 7.202494e+01 7.145307e+01
85    7.133001e+01 7.180032e+01 7.123253e+01
86    7.112069e+01 7.158631e+01 7.102297e+01
87    7.092169e+01 7.138239e+01 7.082385e+01
88    7.073250e+01 7.118809e+01 7.063467e+01
89    7.055265e+01 7.100294e+01 7.045493e+01
90    7.038168e+01 7.082651e+01 7.028417e+01
91    7.021915e+01 7.065838e+01 7.012196e+01
92    7.006466e+01 7.049816e+01 6.996788e+01
93    6.991780e+01 7.034547e+01 6.982153e+01
94    6.977821e+01 7.019996e+01 6.968253e+01
95    6.964553e+01 7.006127e+01 6.955053e+01
96    6.951943e+01 6.992909e+01 6.942517e+01
97    6.939957e+01 6.980310e+01 6.930613e+01
98    6.928566e+01 6.968302e+01 6.919310e+01
99    6.917740e+01 6.956855e+01 6.908578e+01
100   6.907452e+01 6.945944e+01 6.898390e+01
101   6.897674e+01 6.935542e+01 6.888717e+01
102   6.888383e+01 6.925626e+01 6.879536e+01
103   6.879554e+01 6.916173e+01 6.870820e+01
104   6.871164e+01 6.907160e+01 6.862548e+01
105   6.863192e+01 6.898567e+01 6.854698e+01
106   6.855617e+01 6.890373e+01 6.847248e+01
107   6.848419e+01 6.882560e+01 6.840178e+01
108   6.841581e+01 6.875110e+01 6.833470e+01
109   6.835084e+01 6.868005e+01 6.827105e+01
110   6.828911e+01 6.861229e+01 6.821066e+01
111   6.823047e+01 6.854766e+01 6.815338e+01
112   6.817476e+01 6.848603e+01 6.809904e+01
113   6.812183e+01 6.842723e+01 6.804750e+01
