1     3.619533e+02 3.285873e+02 3.587596e+02
2     3.369833e+02 3.243506e+02 3.255369e+02
3     3.265459e+02 3.143380e+02 3.162476e+02
4     3.163447e+02 3.046250e+02 3.069854e+02
5     3.065240e+02 2.952981e+02 2.980288e+02
6     2.970835e+02 2.863439e+02 2.893819e+02
7     2.880059e+02 2.777456e+02 2.810329e+02
8     2.792774e+02 2.694889e+02 2.729726e+02
9     2.708851e+02 2.615598e+02 2.651927e+02
10    2.628164e+02 2.539451e+02 2.576848e+02
11    2.550593e+02 2.466318e+02 2.504406e+02
12    2.476021e+02 2.396079e+02 2.434521e+02
13    2.404335e+02 2.328615e+02 2.367115e+02
14    2.335428e+02 2.263816e+02 2.302109e+02
15    2.269195e+02 2.201573e+02 2.239429e+02
16    2.205535e+02 2.141783e+02 2.179002e+02
17    2.144351e+02 2.084348e+02 2.120755e+02
18    2.085551e+02 2.029173e+02 2.064618e+02
19    2.029043e+02 1.976168e+02 2.010522e+02
20    1.974741e+02 1.925246e+02 1.958402e+02
21    1.922561e+02 1.876324e+02 1.908192e+02
22    1.872423e+02 1.829321e+02 1.859829e+02
23    1.824250e+02 1.784161e+02 1.813251e+02
24    1.777965e+02 1.740772e+02 1.768398e+02
25    1.733498e+02 1.699082e+02 1.725212e+02
26    1.690778e+02 1.659024e+02 1.683637e+02
27    1.649740e+02 1.620534e+02 1.643618e+02
28    1.610318e+02 1.583549e+02 1.605100e+02
29    1.572450e+02 1.548010e+02 1.568033e+02
30    1.536078e+02 1.513860e+02 1.532365e+02
31    1.501143e+02 1.481044e+02 1.498048e+02
32    1.467590e+02 1.449509e+02 1.465035e+02
33    1.435366e+02 1.419204e+02 1.433279e+02
34    1.404419e+02 1.390083e+02 1.402737e+02
35    1.374700e+02 1.362097e+02 1.373364e+02
36    1.346162e+02 1.335202e+02 1.345119e+02
37    1.318759e+02 1.309356e+02 1.317962e+02
38    1.292446e+02 1.284517e+02 1.291854e+02
39    1.267182e+02 1.260646e+02 1.266755e+02
40    1.242926e+02 1.237704e+02 1.242631e+02
41    1.219638e+02 1.215657e+02 1.219445e+02
42    1.197280e+02 1.194468e+02 1.197163e+02
43    1.175817e+02 1.174104e+02 1.175751e+02
44    1.155213e+02 1.154532e+02 1.155179e+02
45    1.135435e+02 1.135723e+02 1.135413e+02
46    1.116451e+02 1.117645e+02 1.116426e+02
47    1.098228e+02 1.100272e+02 1.098186e+02
48    1.080738e+02 1.083574e+02 1.080668e+02
49    1.063952e+02 1.067526e+02 1.063843e+02
50    1.047841e+02 1.052103e+02 1.047686e+02
51    1.032380e+02 1.037279e+02 1.032170e+02
52    1.017542e+02 1.023033e+02 1.017273e+02
53    1.003303e+02 1.009340e+02 1.002971e+02
54    9.896402e+01 9.961811e+01 9.892403e+01
55    9.765294e+01 9.835337e+01 9.760598e+01
56    9.639494e+01 9.713784e+01 9.634084e+01
57    9.518791e+01 9.596963e+01 9.512657e+01
58    9.402981e+01 9.484687e+01 9.396121e+01
59    9.291872e+01 9.376781e+01 9.284289e+01
60    9.185275e+01 9.273075e+01 9.176978e+01
61    9.083012e+01 9.173406e+01 9.074012e+01
62    8.984910e+01 9.077616e+01 8.975224e+01
63    8.890802e+01 8.985557e+01 8.880449e+01
64    8.800529e+01 8.897081e+01 8.789532e+01
65    8.713938e+01 8.812051e+01 8.702321e+01
66    8.630882e+01 8.730333e+01 8.618671e+01
67    8.551218e+01 8.651797e+01 8.538443e+01
68    8.474812e+01 8.576321e+01 8.461500e+01
69    8.401532e+01 8.503786e+01 8.387714e+01
70    8.331252e+01 8.434077e+01 8.316959e+01
71    8.263853e+01 8.367084e+01 8.249116e+01
72    8.199218e+01 8.302703e+01 8.184068e+01
73    8.137236e+01 8.240832e+01 8.121705e+01
74    8.077799e+01 8.181373e+01 8.061919e+01
75    8.020807e+01 8.124232e+01 8.004607e+01
76    7.966158e+01 8.069320e+01 7.949670e+01
77    7.913760e+01 8.016550e+01 7.897013e+01
78    7.863520e+01 7.965839e+01 7.846545e+01
79    7.815352e+01 7.917106e+01 7.798176e+01
80    7.769171e+01 7.870275e+01 7.751823e+01
81    7.724897e+01 7.825273e+01 7.707404e+01
82    7.682452e+01 7.782027e+01 7.664841e+01
83    7.641763e+01 7.740469e+01 7.624058e+01
84    7.602757e+01 7.700534e+01 7.584983e+01
85    7.565366e+01 7.662159e+01 7.547547e+01
86    7.529525e+01 7.625283e+01 7.511682e+01
87    7.495170e+01 7.589848e+01 7.477326e+01
88    7.462241e+01 7.555797e+01 7.444415e+01
89    7.430679e+01 7.523077e+01 7.412892e+01
90    7.400429e+01 7.491636e+01 7.382698e+01
91    7.371436e+01 7.461424e+01 7.353780e+01
92    7.343650e+01 7.432392e+01 7.326084e+01
93    7.317021e+01 7.404496e+01 7.299561e+01
94    7.291502e+01 7.377691e+01 7.274162e+01
95    7.267046e+01 7.351934e+01 7.249841e+01
96    7.243611e+01 7.327185e+01 7.226553e+01
97    7.221154e+01 7.303403e+01 7.204256e+01
98    7.199636e+01 7.280552e+01 7.182907e+01
99    7.179017e+01 7.258595e+01 7.162469e+01
100   7.159260e+01 7.237497e+01 7.142902e+01
101   7.140331e+01 7.217224e+01 7.124171e+01
102   7.122194e+01 7.197745e+01 7.106241e+01
103   7.104817e+01 7.179028e+01 7.089078e+01
104   7.088170e+01 7.161043e+01 7.072650e+01
105   7.072220e+01 7.143763e+01 7.056927e+01
106   7.056941e+01 7.127158e+01 7.041879e+01
107   7.042303e+01 7.111204e+01 7.027477e+01
108   7.028281e+01 7.095873e+01 7.013695e+01
109   7.014849e+01 7.081143e+01 7.000506e+01
110   7.001982e+01 7.066989e+01 6.987885e+01
111   6.989657e+01 7.053389e+01 6.975809e+01
112   6.977852e+01 7.040321e+01 6.964254e+01
113   6.966544e+01 7.027765e+01 6.953199e+01
114   6.955713e+01 7.015700e+01 6.942622e+01
115   6.945340e+01 7.004106e+01 6.932502e+01
116   6.935405e+01 6.992967e+01 6.922821e+01
117   6.925890e+01 6.982263e+01 6.913560e+01
118   6.916777e+01 6.971977e+01 6.904702e+01
119   6.908050e+01 6.962094e+01 6.896228e+01
120   6.899692e+01 6.952597e+01 6.888122e+01
121   6.891689e+01 6.943471e+01 6.880370e+01
122   6.884024e+01 6.934702e+01 6.872955e+01
123   6.876685e+01 6.926275e+01 6.865863e+01
124   6.869657e+01 6.918178e+01 6.859081e+01
125   6.862928e+01 6.910397e+01 6.852595e+01
126   6.856484e+01 6.902919e+01 6.846393e+01
127   6.850315e+01 6.895734e+01 6.840462e+01
128   6.844408e+01 6.888828e+01 6.834790e+01
129   6.838752e+01 6.882192e+01 6.829367e+01
