1     3.619533e+02 3.310720e+02 3.582298e+02
2     3.404030e+02 3.278752e+02 3.294606e+02
3     3.312463e+02 3.191991e+02 3.214411e+02
4     3.222866e+02 3.106858e+02 3.134128e+02
5     3.136130e+02 3.024676e+02 3.055927e+02
6     3.052264e+02 2.945356e+02 2.979866e+02
7     2.971158e+02 2.868788e+02 2.905892e+02
8     2.892722e+02 2.794866e+02 2.833970e+02
9     2.816875e+02 2.723491e+02 2.764065e+02
10    2.743536e+02 2.654569e+02 2.696142e+02
11    2.672624e+02 2.588009e+02 2.630162e+02
12    2.604065e+02 2.523723e+02 2.566089e+02
13    2.537783e+02 2.461629e+02 2.503883e+02
14    2.473707e+02 2.401648e+02 2.443507e+02
15    2.411766e+02 2.343701e+02 2.384920e+02
16    2.351892e+02 2.287717e+02 2.328082e+02
17    2.294020e+02 2.233626e+02 2.272955e+02
18    2.238086e+02 2.181359e+02 2.219499e+02
19    2.184027e+02 2.130853e+02 2.167673e+02
20    2.131783e+02 2.082045e+02 2.117438e+02
21    2.081296e+02 2.034876e+02 2.068756e+02
22    2.032509e+02 1.989288e+02 2.021586e+02
23    1.985366e+02 1.945227e+02 1.975890e+02
24    1.939816e+02 1.902639e+02 1.931631e+02
25    1.895805e+02 1.861475e+02 1.888769e+02
26    1.853284e+02 1.821684e+02 1.847268e+02
27    1.812205e+02 1.783220e+02 1.807090e+02
28    1.772519e+02 1.746038e+02 1.768200e+02
29    1.734182e+02 1.710093e+02 1.730562e+02
30    1.697149e+02 1.675344e+02 1.694140e+02
31    1.661378e+02 1.641751e+02 1.658901e+02
32    1.626826e+02 1.609275e+02 1.624810e+02
33    1.593455e+02 1.577877e+02 1.591834e+02
34    1.561223e+02 1.547521e+02 1.559941e+02
35    1.530095e+02 1.518174e+02 1.529098e+02
36    1.500033e+02 1.489800e+02 1.499275e+02
37    1.471002e+02 1.462368e+02 1.470442e+02
38    1.442967e+02 1.435845e+02 1.442567e+02
39    1.415896e+02 1.410203e+02 1.415624e+02
40    1.389757e+02 1.385411e+02 1.389582e+02
41    1.364517e+02 1.361441e+02 1.364414e+02
42    1.340147e+02 1.338267e+02 1.340094e+02
43    1.316619e+02 1.315861e+02 1.316594e+02
44    1.293902e+02 1.294199e+02 1.293890e+02
45    1.271972e+02 1.273256e+02 1.271957e+02
46    1.250800e+02 1.253007e+02 1.250769e+02
47    1.230361e+02 1.233431e+02 1.230303e+02
48    1.210631e+02 1.214505e+02 1.210537e+02
49    1.191585e+02 1.196208e+02 1.191448e+02
50    1.173201e+02 1.178519e+02 1.173013e+02
51    1.155456e+02 1.161417e+02 1.155213e+02
52    1.138328e+02 1.144885e+02 1.138026e+02
53    1.121796e+02 1.128902e+02 1.121432e+02
54    1.105841e+02 1.113451e+02 1.105412e+02
55    1.090442e+02 1.098515e+02 1.089947e+02
56    1.075580e+02 1.084076e+02 1.075019e+02
57    1.061238e+02 1.070118e+02 1.060610e+02
58    1.047397e+02 1.056626e+02 1.046702e+02
59    1.034040e+02 1.043584e+02 1.033280e+02
60    1.021150e+02 1.030977e+02 1.020327e+02
61    1.008713e+02 1.018792e+02 1.007827e+02
62    9.967110e+01 1.007013e+02 9.957649e+01
63    9.851304e+01 9.956285e+01 9.841262e+01
64    9.739564e+01 9.846246e+01 9.728964e+01
65    9.631750e+01 9.739891e+01 9.620618e+01
66    9.527727e+01 9.637098e+01 9.516089e+01
67    9.427364e+01 9.537750e+01 9.415247e+01
68    9.330534e+01 9.441734e+01 9.317967e+01
69    9.237116e+01 9.348939e+01 9.224127e+01
70    9.146991e+01 9.259260e+01 9.133610e+01
71    9.060045e+01 9.172594e+01 9.046300e+01
72    8.976168e+01 9.088842e+01 8.962089e+01
73    8.895253e+01 9.007906e+01 8.880868e+01
74    8.817198e+01 8.929695e+01 8.802536e+01
75    8.741903e+01 8.854118e+01 8.726991e+01
76    8.669272e+01 8.781088e+01 8.654138e+01
77    8.599213e+01 8.710521e+01 8.583883e+01
78    8.531635e+01 8.642335e+01 8.516136e+01
79    8.466452e+01 8.576451e+01 8.450809e+01
80    8.403581e+01 8.512794e+01 8.387817e+01
81    8.342941e+01 8.451288e+01 8.327080e+01
82    8.284454e+01 8.391863e+01 8.268519e+01
83    8.228044e+01 8.334450e+01 8.212056e+01
84    8.173639e+01 8.278981e+01 8.157619e+01
85    8.121169e+01 8.225392e+01 8.105137e+01
86    8.070565e+01 8.173620e+01 8.054539e+01
87    8.021762e+01 8.123605e+01 8.005761e+01
88    7.974697e+01 8.075289e+01 7.958738e+01
89    7.929310e+01 8.028613e+01 7.913408e+01
90    7.885540e+01 7.983525e+01 7.869711e+01
91    7.843331e+01 7.939970e+01 7.827589e+01
92    7.802627e+01 7.897897e+01 7.786987e+01
93    7.763377e+01 7.857256e+01 7.747850e+01
94    7.725529e+01 7.818001e+01 7.710126e+01
95    7.689033e+01 7.780083e+01 7.673766e+01
96    7.653841e+01 7.743459e+01 7.638720e+01
97    7.619908e+01 7.708085e+01 7.604942e+01
98    7.587188e+01 7.673918e+01 7.572387e+01
99    7.555640e+01 7.640919e+01 7.541011e+01
100   7.525221e+01 7.609048e+01 7.510772e+01
101   7.495892e+01 7.578266e+01 7.481628e+01
102   7.467613e+01 7.548538e+01 7.453542e+01
103   7.440349e+01 7.519828e+01 7.426475e+01
104   7.414062e+01 7.492100e+01 7.400390e+01
105   7.388718e+01 7.465323e+01 7.375253e+01
106   7.364284e+01 7.439464e+01 7.351029e+01
107   7.340727e+01 7.414491e+01 7.327685e+01
108   7.318016e+01 7.390375e+01 7.305191e+01
109   7.296121e+01 7.367088e+01 7.283514e+01
110   7.275013e+01 7.344599e+01 7.262627e+01
111   7.254664e+01 7.322884e+01 7.242500e+01
112   7.235047e+01 7.301915e+01 7.223105e+01
113   7.216135e+01 7.281666e+01 7.204418e+01
114   7.197905e+01 7.262114e+01 7.186411e+01
115   7.180330e+01 7.243235e+01 7.169061e+01
116   7.163389e+01 7.225006e+01 7.152344e+01
117   7.147058e+01 7.207404e+01 7.136236e+01
118   7.131315e+01 7.190409e+01 7.120716e+01
119   7.116140e+01 7.173999e+01 7.105763e+01
120   7.101513e+01 7.158155e+01 7.091356e+01
121   7.087412e+01 7.142858e+01 7.077474e+01
122   7.073821e+01 7.128087e+01 7.064100e+01
123   7.060720e+01 7.113827e+01 7.051215e+01
124   7.048093e+01 7.100058e+01 7.038801e+01
125   7.035921e+01 7.086765e+01 7.026841e+01
126   7.024189e+01 7.073930e+01 7.015318e+01
127   7.012881e+01 7.061539e+01 7.004216e+01
128   7.001981e+01 7.049576e+01 6.993521e+01
129   6.991476e+01 7.038026e+01 6.983217e+01
130   6.981351e+01 7.026876e+01 6.973290e+01
131   6.971592e+01 7.016111e+01 6.963727e+01
132   6.962186e+01 7.005717e+01 6.954514e+01
133   6.953120e+01 6.995684e+01 6.945639e+01
134   6.944383e+01 6.985997e+01 6.937088e+01
135   6.935962e+01 6.976645e+01 6.928851e+01
136   6.927846e+01 6.967617e+01 6.920916e+01
137   6.920024e+01 6.958901e+01 6.913272e+01
138   6.912486e+01 6.950486e+01 6.905908e+01
139   6.905221e+01 6.942363e+01 6.898814e+01
140   6.898219e+01 6.934521e+01 6.891980e+01
141   6.891471e+01 6.926950e+01 6.885397e+01
142   6.884968e+01 6.919642e+01 6.879056e+01
