1     3.619533e+02 3.245483e+02 3.489511e+02
2     3.431515e+02 3.222838e+02 3.247434e+02
3     3.354331e+02 3.150399e+02 3.184894e+02
4     3.276536e+02 3.079186e+02 3.120566e+02
5     3.200753e+02 3.010216e+02 3.057152e+02
6     3.127063e+02 2.943385e+02 2.994784e+02
7     3.055397e+02 2.878604e+02 2.933478e+02
8     2.985705e+02 2.815793e+02 2.873263e+02
9     2.917937e+02 2.754873e+02 2.814164e+02
10    2.852047e+02 2.695772e+02 2.756201e+02
11    2.787989e+02 2.638422e+02 2.699388e+02
12    2.725717e+02 2.582758e+02 2.643737e+02
13    2.665187e+02 2.528718e+02 2.589256e+02
14    2.606354e+02 2.476246e+02 2.535948e+02
15    2.549175e+02 2.425286e+02 2.483815e+02
16    2.493610e+02 2.375786e+02 2.432856e+02
17    2.439615e+02 2.327698e+02 2.383065e+02
18    2.387151e+02 2.280975e+02 2.334438e+02
19    2.336177e+02 2.235571e+02 2.286965e+02
20    2.286656e+02 2.191446e+02 2.240638e+02
21    2.238549e+02 2.148558e+02 2.195445e+02
22    2.191819e+02 2.106868e+02 2.151372e+02
23    2.146429e+02 2.066341e+02 2.108406e+02
24    2.102343e+02 2.026940e+02 2.066532e+02
25    2.059528e+02 1.988632e+02 2.025734e+02
26    2.017949e+02 1.951385e+02 1.985995e+02
27    1.977573e+02 1.915167e+02 1.947298e+02
28    1.938367e+02 1.879949e+02 1.909625e+02
29    1.900299e+02 1.845701e+02 1.872957e+02
30    1.863339e+02 1.812397e+02 1.837275e+02
31    1.827455e+02 1.780009e+02 1.802561e+02
32    1.792620e+02 1.748512e+02 1.768794e+02
33    1.758804e+02 1.717881e+02 1.735956e+02
34    1.725978e+02 1.688092e+02 1.704027e+02
35    1.694115e+02 1.659122e+02 1.672986e+02
36    1.663189e+02 1.630948e+02 1.642815e+02
37    1.633174e+02 1.603549e+02 1.613493e+02
38    1.604043e+02 1.576904e+02 1.585001e+02
39    1.575772e+02 1.550992e+02 1.557320e+02
40    1.548338e+02 1.525794e+02 1.530429e+02
41    1.521715e+02 1.501291e+02 1.504311e+02
42    1.495882e+02 1.477463e+02 1.478945e+02
43    1.470816e+02 1.454293e+02 1.454314e+02
44    1.446496e+02 1.431764e+02 1.430398e+02
45    1.422899e+02 1.409858e+02 1.407180e+02
46    1.400005e+02 1.388559e+02 1.384641e+02
47    1.377795e+02 1.367850e+02 1.362763e+02
48    1.356248e+02 1.347716e+02 1.341531e+02
49    1.335346e+02 1.328142e+02 1.320925e+02
50    1.315069e+02 1.309113e+02 1.300930e+02
51    1.295401e+02 1.290614e+02 1.281529e+02
52    1.276323e+02 1.272632e+02 1.262706e+02
53    1.257817e+02 1.255152e+02 1.244444e+02
54    1.239869e+02 1.238161e+02 1.226730e+02
55    1.222460e+02 1.221647e+02 1.209546e+02
56    1.205576e+02 1.205596e+02 1.192880e+02
57    1.189201e+02 1.189996e+02 1.176715e+02
58    1.173321e+02 1.174836e+02 1.161039e+02
59    1.157920e+02 1.160103e+02 1.145836e+02
60    1.142986e+02 1.145787e+02 1.131094e+02
61    1.128503e+02 1.131875e+02 1.116799e+02
62    1.114459e+02 1.118357e+02 1.102939e+02
63    1.100840e+02 1.105222e+02 1.089501e+02
64    1.087635e+02 1.092461e+02 1.076473e+02
65    1.074831e+02 1.080063e+02 1.063843e+02
66    1.062416e+02 1.068018e+02 1.051599e+02
67    1.050378e+02 1.056317e+02 1.039729e+02
68    1.038707e+02 1.044950e+02 1.028224e+02
69    1.027391e+02 1.033908e+02 1.017072e+02
70    1.016420e+02 1.023183e+02 1.006262e+02
71    1.005783e+02 1.012766e+02 9.957856e+01
72    9.954715e+01 1.002648e+02 9.856314e+01
73    9.854744e+01 9.928217e+01 9.757903e+01
74    9.757828e+01 9.832783e+01 9.662528e+01
75    9.663875e+01 9.740104e+01 9.570100e+01
76    9.572795e+01 9.650103e+01 9.480529e+01
77    9.484504e+01 9.562707e+01 9.393729e+01
78    9.398916e+01 9.477843e+01 9.309618e+01
79    9.315950e+01 9.395442e+01 9.228114e+01
80    9.235528e+01 9.315435e+01 9.149137e+01
81    9.157573e+01 9.237755e+01 9.072612e+01
82    9.082010e+01 9.162338e+01 8.998464e+01
83    9.008767e+01 9.089120e+01 8.926620e+01
84    8.937773e+01 9.018040e+01 8.857011e+01
85    8.868962e+01 8.949038e+01 8.789568e+01
86    8.802266e+01 8.882055e+01 8.724224e+01
87    8.737622e+01 8.817035e+01 8.660917e+01
88    8.674967e+01 8.753922e+01 8.599583e+01
89    8.614241e+01 8.692662e+01 8.540162e+01
90    8.555385e+01 8.633204e+01 8.482595e+01
91    8.498342e+01 8.575495e+01 8.426825e+01
92    8.443058e+01 8.519486e+01 8.372796e+01
93    8.389478e+01 8.465129e+01 8.320456e+01
94    8.337551e+01 8.412377e+01 8.269752e+01
95    8.287226e+01 8.361184e+01 8.220633e+01
96    8.238455e+01 8.311505e+01 8.173051e+01
97    8.191189e+01 8.263296e+01 8.126958e+01
98    8.145383e+01 8.216517e+01 8.082308e+01
99    8.100993e+01 8.171125e+01 8.039056e+01
100   8.057974e+01 8.127080e+01 7.997159e+01
101   8.016286e+01 8.084345e+01 7.956575e+01
102   7.975886e+01 8.042880e+01 7.917263e+01
103   7.936736e+01 8.002649e+01 7.879183e+01
104   7.898798e+01 7.963617e+01 7.842297e+01
105   7.862033e+01 7.925749e+01 7.806569e+01
106   7.826407e+01 7.889010e+01 7.771961e+01
107   7.791884e+01 7.853369e+01 7.738440e+01
108   7.758430e+01 7.818792e+01 7.705971e+01
109   7.726013e+01 7.785250e+01 7.674521e+01
110   7.694600e+01 7.752711e+01 7.644059e+01
111   7.664160e+01 7.721147e+01 7.614554e+01
112   7.634664e+01 7.690528e+01 7.585976e+01
113   7.606083e+01 7.660828e+01 7.558296e+01
114   7.578388e+01 7.632018e+01 7.531486e+01
115   7.551552e+01 7.604074e+01 7.505518e+01
116   7.525548e+01 7.576969e+01 7.480367e+01
117   7.500351e+01 7.550679e+01 7.456006e+01
118   7.475937e+01 7.525180e+01 7.432412e+01
119   7.452280e+01 7.500448e+01 7.409560e+01
120   7.429357e+01 7.476461e+01 7.387426e+01
121   7.407146e+01 7.453197e+01 7.365989e+01
122   7.385624e+01 7.430633e+01 7.345226e+01
123   7.364771e+01 7.408750e+01 7.325117e+01
124   7.344566e+01 7.387528e+01 7.305640e+01
125   7.324988e+01 7.366946e+01 7.286777e+01
126   7.306019e+01 7.346985e+01 7.268507e+01
127   7.287638e+01 7.327628e+01 7.250812e+01
128   7.269829e+01 7.308856e+01 7.233675e+01
129   7.252573e+01 7.290651e+01 7.217077e+01
130   7.235854e+01 7.272997e+01 7.201001e+01
131   7.219654e+01 7.255877e+01 7.185432e+01
132   7.203958e+01 7.239276e+01 7.170353e+01
133   7.188749e+01 7.223177e+01 7.155749e+01
134   7.174014e+01 7.207566e+01 7.141605e+01
135   7.159736e+01 7.192428e+01 7.127907e+01
136   7.145903e+01 7.177749e+01 7.114640e+01
137   7.132499e+01 7.163515e+01 7.101791e+01
138   7.119512e+01 7.149712e+01 7.089346e+01
139   7.106930e+01 7.136329e+01 7.077294e+01
140   7.094738e+01 7.123351e+01 7.065622e+01
141   7.082925e+01 7.110768e+01 7.054317e+01
142   7.071480e+01 7.098566e+01 7.043369e+01
143   7.060391e+01 7.086735e+01 7.032765e+01
144   7.049646e+01 7.075264e+01 7.022496e+01
145   7.039236e+01 7.064141e+01 7.012550e+01
146   7.029149e+01 7.053356e+01 7.002918e+01
147   7.019377e+01 7.042899e+01 6.993589e+01
148   7.009908e+01 7.032759e+01 6.984554e+01
149   7.000733e+01 7.022928e+01 6.975804e+01
150   6.991844e+01 7.013396e+01 6.967330e+01
151   6.983231e+01 7.004153e+01 6.959123e+01
152   6.974886e+01 6.995192e+01 6.951174e+01
153   6.966801e+01 6.986503e+01 6.943477e+01
154   6.958966e+01 6.978079e+01 6.936021e+01
155   6.951376e+01 6.969911e+01 6.928801e+01
156   6.944021e+01 6.961991e+01 6.921808e+01
