1     3.619533e+02 3.205398e+02 3.444511e+02
2     3.452056e+02 3.195512e+02 3.231347e+02
3     3.384624e+02 3.133369e+02 3.181944e+02
4     3.315495e+02 3.071995e+02 3.129738e+02
5     3.247820e+02 3.012457e+02 3.077497e+02
6     3.181738e+02 2.954660e+02 3.025440e+02
7     3.117195e+02 2.898514e+02 2.973642e+02
8     3.054164e+02 2.843935e+02 2.922188e+02
9     2.992617e+02 2.790848e+02 2.871157e+02
10    2.932527e+02 2.739185e+02 2.820616e+02
11    2.873867e+02 2.688880e+02 2.770625e+02
12    2.816611e+02 2.639877e+02 2.721237e+02
13    2.760731e+02 2.592121e+02 2.672497e+02
14    2.706201e+02 2.545563e+02 2.624446e+02
15    2.652994e+02 2.500157e+02 2.577117e+02
16    2.601084e+02 2.455862e+02 2.530538e+02
17    2.550445e+02 2.412638e+02 2.484734e+02
18    2.501050e+02 2.370449e+02 2.439724e+02
19    2.452873e+02 2.329261e+02 2.395525e+02
20    2.405890e+02 2.289044e+02 2.352150e+02
21    2.360075e+02 2.249767e+02 2.309606e+02
22    2.315403e+02 2.211404e+02 2.267902e+02
23    2.271848e+02 2.173928e+02 2.227042e+02
24    2.229388e+02 2.137316e+02 2.187026e+02
25    2.187998e+02 2.101544e+02 2.147855e+02
26    2.147653e+02 2.066591e+02 2.109527e+02
27    2.108331e+02 2.032437e+02 2.072038e+02
28    2.070009e+02 1.999061e+02 2.035382e+02
29    2.032664e+02 1.966446e+02 1.999554e+02
30    1.996273e+02 1.934574e+02 1.964546e+02
31    1.960815e+02 1.903427e+02 1.930349e+02
32    1.926268e+02 1.872990e+02 1.896954e+02
33    1.892610e+02 1.843247e+02 1.864349e+02
34    1.859822e+02 1.814182e+02 1.832526e+02
35    1.827882e+02 1.785781e+02 1.801471e+02
36    1.796770e+02 1.758031e+02 1.771173e+02
37    1.766467e+02 1.730916e+02 1.741619e+02
38    1.736952e+02 1.704424e+02 1.712797e+02
39    1.708208e+02 1.678543e+02 1.684694e+02
40    1.680216e+02 1.653259e+02 1.657296e+02
41    1.652956e+02 1.628560e+02 1.630590e+02
42    1.626412e+02 1.604434e+02 1.604562e+02
43    1.600566e+02 1.580869e+02 1.579199e+02
44    1.575400e+02 1.557854e+02 1.554488e+02
45    1.550898e+02 1.535378e+02 1.530413e+02
46    1.527043e+02 1.513429e+02 1.506963e+02
47    1.503820e+02 1.491997e+02 1.484123e+02
48    1.481211e+02 1.471071e+02 1.461880e+02
49    1.459203e+02 1.450641e+02 1.440220e+02
50    1.437780e+02 1.430696e+02 1.419130e+02
51    1.416926e+02 1.411227e+02 1.398597e+02
52    1.396629e+02 1.392223e+02 1.378608e+02
53    1.376873e+02 1.373675e+02 1.359149e+02
54    1.357644e+02 1.355573e+02 1.340210e+02
55    1.338930e+02 1.337908e+02 1.321776e+02
56    1.320717e+02 1.320670e+02 1.303835e+02
57    1.302992e+02 1.303851e+02 1.286376e+02
58    1.285743e+02 1.287442e+02 1.269387e+02
59    1.268958e+02 1.271433e+02 1.252856e+02
60    1.252623e+02 1.255817e+02 1.236771e+02
61    1.236729e+02 1.240584e+02 1.221121e+02
62    1.221262e+02 1.225726e+02 1.205895e+02
63    1.206213e+02 1.211235e+02 1.191083e+02
64    1.191570e+02 1.197104e+02 1.176673e+02
65    1.177323e+02 1.183323e+02 1.162656e+02
66    1.163461e+02 1.169886e+02 1.149021e+02
67    1.149974e+02 1.156784e+02 1.135758e+02
68    1.136853e+02 1.144010e+02 1.122858e+02
69    1.124087e+02 1.131556e+02 1.110310e+02
70    1.111667e+02 1.119416e+02 1.098107e+02
71    1.099585e+02 1.107582e+02 1.086238e+02
72    1.087831e+02 1.096047e+02 1.074695e+02
73    1.076396e+02 1.084804e+02 1.063470e+02
74    1.065273e+02 1.073846e+02 1.052553e+02
75    1.054452e+02 1.063168e+02 1.041936e+02
76    1.043926e+02 1.052762e+02 1.031612e+02
77    1.033686e+02 1.042621e+02 1.021573e+02
78    1.023726e+02 1.032741e+02 1.011810e+02
79    1.014038e+02 1.023114e+02 1.002317e+02
80    1.004614e+02 1.013734e+02 9.930866e+01
81    9.954481e+01 1.004596e+02 9.841111e+01
82    9.865322e+01 9.956936e+01 9.753838e+01
83    9.778601e+01 9.870214e+01 9.668980e+01
84    9.694252e+01 9.785739e+01 9.586471e+01
85    9.612211e+01 9.703455e+01 9.506247e+01
86    9.532417e+01 9.623309e+01 9.428247e+01
87    9.454808e+01 9.545249e+01 9.352409e+01
88    9.379326e+01 9.469225e+01 9.278674e+01
89    9.305913e+01 9.395185e+01 9.206985e+01
90    9.234513e+01 9.323081e+01 9.137286e+01
91    9.165072e+01 9.252866e+01 9.069522e+01
92    9.097537e+01 9.184492e+01 9.003639e+01
93    9.031856e+01 9.117914e+01 8.939587e+01
94    8.967979e+01 9.053087e+01 8.877316e+01
95    8.905856e+01 8.989967e+01 8.816775e+01
96    8.845441e+01 8.928511e+01 8.757917e+01
97    8.786686e+01 8.868678e+01 8.700696e+01
98    8.729547e+01 8.810426e+01 8.645067e+01
99    8.673980e+01 8.753716e+01 8.590986e+01
100   8.619941e+01 8.698509e+01 8.538409e+01
101   8.567389e+01 8.644766e+01 8.487296e+01
102   8.516284e+01 8.592449e+01 8.437607e+01
103   8.466586e+01 8.541524e+01 8.389300e+01
104   8.418257e+01 8.491953e+01 8.342339e+01
105   8.371258e+01 8.443703e+01 8.296686e+01
106   8.325555e+01 8.396740e+01 8.252304e+01
107   8.281111e+01 8.351029e+01 8.209160e+01
108   8.237892e+01 8.306540e+01 8.167217e+01
109   8.195864e+01 8.263239e+01 8.126443e+01
110   8.154996e+01 8.221098e+01 8.086805e+01
111   8.115254e+01 8.180085e+01 8.048273e+01
112   8.076608e+01 8.140171e+01 8.010814e+01
113   8.039029e+01 8.101328e+01 7.974400e+01
114   8.002486e+01 8.063527e+01 7.939001e+01
115   7.966951e+01 8.026742e+01 7.904589e+01
116   7.932397e+01 7.990945e+01 7.871136e+01
117   7.898797e+01 7.956112e+01 7.838617e+01
118   7.866125e+01 7.922216e+01 7.807004e+01
119   7.834354e+01 7.889233e+01 7.776273e+01
120   7.803461e+01 7.857139e+01 7.746400e+01
121   7.773420e+01 7.825910e+01 7.717359e+01
122   7.744209e+01 7.795524e+01 7.689129e+01
123   7.715805e+01 7.765959e+01 7.661686e+01
124   7.688186e+01 7.737192e+01 7.635009e+01
125   7.661329e+01 7.709203e+01 7.609076e+01
126   7.635214e+01 7.681970e+01 7.583866e+01
127   7.609821e+01 7.655475e+01 7.559360e+01
128   7.585129e+01 7.629696e+01 7.535538e+01
129   7.561119e+01 7.604616e+01 7.512380e+01
130   7.537773e+01 7.580215e+01 7.489869e+01
131   7.515072e+01 7.556475e+01 7.467985e+01
132   7.492998e+01 7.533379e+01 7.446713e+01
133   7.471534e+01 7.510910e+01 7.426033e+01
134   7.450664e+01 7.489050e+01 7.405931e+01
135   7.430370e+01 7.467783e+01 7.386390e+01
136   7.410637e+01 7.447094e+01 7.367394e+01
137   7.391449e+01 7.426967e+01 7.348929e+01
138   7.372791e+01 7.407387e+01 7.330978e+01
139   7.354650e+01 7.388339e+01 7.313529e+01
140   7.337009e+01 7.369809e+01 7.296566e+01
141   7.319856e+01 7.351783e+01 7.280077e+01
142   7.303177e+01 7.334247e+01 7.264048e+01
143   7.286959e+01 7.317188e+01 7.248466e+01
144   7.271189e+01 7.300594e+01 7.233320e+01
145   7.255856e+01 7.284451e+01 7.218595e+01
146   7.240945e+01 7.268748e+01 7.204282e+01
147   7.226447e+01 7.253472e+01 7.190368e+01
148   7.212349e+01 7.238612e+01 7.176843e+01
149   7.198641e+01 7.224158e+01 7.163695e+01
150   7.185312e+01 7.210097e+01 7.150913e+01
151   7.172351e+01 7.196419e+01 7.138489e+01
152   7.159748e+01 7.183114e+01 7.126411e+01
153   7.147494e+01 7.170171e+01 7.114670e+01
154   7.135577e+01 7.157582e+01 7.103257e+01
155   7.123990e+01 7.145336e+01 7.092162e+01
156   7.112723e+01 7.133423e+01 7.081377e+01
157   7.101768e+01 7.121836e+01 7.070893e+01
158   7.091115e+01 7.110564e+01 7.060702e+01
159   7.080756e+01 7.099600e+01 7.050794e+01
160   7.070683e+01 7.088935e+01 7.041164e+01
161   7.060888e+01 7.078561e+01 7.031801e+01
162   7.051364e+01 7.068470e+01 7.022701e+01
163   7.042102e+01 7.058654e+01 7.013854e+01
164   7.033097e+01 7.049106e+01 7.005254e+01
165   7.024339e+01 7.039819e+01 6.996893e+01
166   7.015824e+01 7.030785e+01 6.988767e+01
167   7.007544e+01 7.021997e+01 6.980866e+01
168   6.999492e+01 7.013449e+01 6.973187e+01
