1     3.619533e+02 3.272669e+02 3.505254e+02
2     3.466674e+02 3.266731e+02 3.305318e+02
3     3.403097e+02 3.208197e+02 3.259801e+02
4     3.339028e+02 3.150588e+02 3.211636e+02
5     3.276184e+02 3.094669e+02 3.163081e+02
6     3.214685e+02 3.040322e+02 3.114404e+02
7     3.154488e+02 2.987446e+02 3.065702e+02
8     3.095572e+02 2.935956e+02 3.017083e+02
9     3.037917e+02 2.885776e+02 2.968646e+02
10    2.981507e+02 2.836836e+02 2.920476e+02
11    2.926320e+02 2.789076e+02 2.872650e+02
12    2.872338e+02 2.742439e+02 2.825236e+02
13    2.819541e+02 2.696874e+02 2.778291e+02
14    2.767909e+02 2.652336e+02 2.731869e+02
15    2.717423e+02 2.608784e+02 2.686013e+02
16    2.668062e+02 2.566179e+02 2.640762e+02
17    2.619808e+02 2.524489e+02 2.596149e+02
18    2.572640e+02 2.483682e+02 2.552202e+02
19    2.526538e+02 2.443730e+02 2.508945e+02
20    2.481483e+02 2.404606e+02 2.466396e+02
21    2.437456e+02 2.366288e+02 2.424572e+02
22    2.394435e+02 2.328754e+02 2.383485e+02
23    2.352404e+02 2.291983e+02 2.343144e+02
24    2.311341e+02 2.255957e+02 2.303556e+02
25    2.271228e+02 2.220658e+02 2.264725e+02
26    2.232047e+02 2.186069e+02 2.226654e+02
27    2.193778e+02 2.152177e+02 2.189342e+02
28    2.156403e+02 2.118966e+02 2.152789e+02
29    2.119903e+02 2.086423e+02 2.116991e+02
30    2.084261e+02 2.054535e+02 2.081945e+02
31    2.049459e+02 2.023290e+02 2.047644e+02
32    2.015479e+02 1.992675e+02 2.014083e+02
33    1.982304e+02 1.962680e+02 1.981253e+02
34    1.949916e+02 1.933293e+02 1.949147e+02
35    1.918300e+02 1.904505e+02 1.917756e+02
36    1.887437e+02 1.876304e+02 1.887071e+02
37    1.857312e+02 1.848682e+02 1.857080e+02
38    1.827908e+02 1.821627e+02 1.827775e+02
39    1.799211e+02 1.795131e+02 1.799144e+02
40    1.771203e+02 1.769185e+02 1.771176e+02
41    1.743871e+02 1.743778e+02 1.743860e+02
42    1.717198e+02 1.718903e+02 1.717184e+02
43    1.691170e+02 1.694550e+02 1.691137e+02
44    1.665773e+02 1.670710e+02 1.665707e+02
45    1.640992e+02 1.647375e+02 1.640882e+02
46    1.616813e+02 1.624536e+02 1.616650e+02
47    1.593223e+02 1.602185e+02 1.593000e+02
48    1.570207e+02 1.580313e+02 1.569919e+02
49    1.547754e+02 1.558913e+02 1.547396e+02
50    1.525849e+02 1.537975e+02 1.525419e+02
51    1.504480e+02 1.517492e+02 1.503977e+02
52    1.483635e+02 1.497456e+02 1.483058e+02
53    1.463301e+02 1.477858e+02 1.462650e+02
54    1.443467e+02 1.458692e+02 1.442742e+02
55    1.424120e+02 1.439948e+02 1.423324e+02
56    1.405250e+02 1.421620e+02 1.404384e+02
57    1.386845e+02 1.403699e+02 1.385911e+02
58    1.368894e+02 1.386178e+02 1.367894e+02
59    1.351386e+02 1.369050e+02 1.350324e+02
60    1.334311e+02 1.352306e+02 1.333190e+02
61    1.317658e+02 1.335941e+02 1.316481e+02
62    1.301418e+02 1.319946e+02 1.300188e+02
63    1.285580e+02 1.304314e+02 1.284300e+02
64    1.270135e+02 1.289038e+02 1.268809e+02
65    1.255074e+02 1.274111e+02 1.253705e+02
66    1.240386e+02 1.259526e+02 1.238978e+02
67    1.226064e+02 1.245276e+02 1.224620e+02
68    1.212099e+02 1.231355e+02 1.210621e+02
69    1.198481e+02 1.217756e+02 1.196973e+02
70    1.185202e+02 1.204472e+02 1.183668e+02
71    1.172254e+02 1.191497e+02 1.170697e+02
72    1.159629e+02 1.178824e+02 1.158052e+02
73    1.147320e+02 1.166447e+02 1.145724e+02
74    1.135318e+02 1.154360e+02 1.133707e+02
75    1.123615e+02 1.142557e+02 1.121993e+02
76    1.112206e+02 1.131031e+02 1.110573e+02
77    1.101082e+02 1.119777e+02 1.099442e+02
78    1.090236e+02 1.108789e+02 1.088591e+02
79    1.079662e+02 1.098061e+02 1.078013e+02
80    1.069353e+02 1.087588e+02 1.067703e+02
81    1.059302e+02 1.077364e+02 1.057653e+02
82    1.049503e+02 1.067383e+02 1.047857e+02
83    1.039950e+02 1.057640e+02 1.038309e+02
84    1.030637e+02 1.048131e+02 1.029002e+02
85    1.021558e+02 1.038849e+02 1.019930e+02
86    1.012706e+02 1.029789e+02 1.011088e+02
87    1.004077e+02 1.020948e+02 1.002469e+02
88    9.956655e+01 1.012319e+02 9.940685e+01
89    9.874650e+01 1.003898e+02 9.858806e+01
90    9.794708e+01 9.956798e+01 9.779000e+01
91    9.716777e+01 9.876607e+01 9.701214e+01
92    9.640808e+01 9.798356e+01 9.625399e+01
93    9.566751e+01 9.722002e+01 9.551505e+01
94    9.494560e+01 9.647501e+01 9.479483e+01
95    9.424187e+01 9.574811e+01 9.409286e+01
96    9.355587e+01 9.503888e+01 9.340868e+01
97    9.288716e+01 9.434693e+01 9.274184e+01
98    9.223531e+01 9.367186e+01 9.209191e+01
99    9.159989e+01 9.301326e+01 9.145845e+01
100   9.098051e+01 9.237076e+01 9.084106e+01
101   9.037675e+01 9.174397e+01 9.023933e+01
102   8.978822e+01 9.113253e+01 8.965286e+01
103   8.921455e+01 9.053608e+01 8.908126e+01
104   8.865536e+01 8.995427e+01 8.852416e+01
105   8.811029e+01 8.938674e+01 8.798120e+01
106   8.757898e+01 8.883315e+01 8.745201e+01
107   8.706110e+01 8.829319e+01 8.693625e+01
108   8.655629e+01 8.776651e+01 8.643357e+01
109   8.606424e+01 8.725281e+01 8.594365e+01
110   8.558463e+01 8.675178e+01 8.546617e+01
111   8.511714e+01 8.626311e+01 8.500080e+01
112   8.466146e+01 8.578650e+01 8.454724e+01
113   8.421731e+01 8.532167e+01 8.410519e+01
114   8.378439e+01 8.486834e+01 8.367436e+01
115   8.336241e+01 8.442621e+01 8.325447e+01
116   8.295111e+01 8.399504e+01 8.284524e+01
117   8.255021e+01 8.357454e+01 8.244639e+01
118   8.215946e+01 8.316446e+01 8.205767e+01
119   8.177859e+01 8.276455e+01 8.167881e+01
120   8.140736e+01 8.237457e+01 8.130958e+01
121   8.104552e+01 8.199426e+01 8.094971e+01
122   8.069285e+01 8.162340e+01 8.059898e+01
123   8.034910e+01 8.126175e+01 8.025716e+01
124   8.001405e+01 8.090910e+01 7.992401e+01
125   7.968748e+01 8.056521e+01 7.959932e+01
126   7.936918e+01 8.022988e+01 7.928288e+01
127   7.905895e+01 7.990289e+01 7.897447e+01
128   7.875656e+01 7.958405e+01 7.867388e+01
129   7.846184e+01 7.927314e+01 7.838093e+01
130   7.817458e+01 7.896999e+01 7.809542e+01
131   7.789460e+01 7.867439e+01 7.781715e+01
132   7.762171e+01 7.838616e+01 7.754595e+01
133   7.735573e+01 7.810511e+01 7.728164e+01
134   7.709649e+01 7.783108e+01 7.702403e+01
135   7.684382e+01 7.756389e+01 7.677297e+01
136   7.659755e+01 7.730337e+01 7.652828e+01
137   7.635752e+01 7.704935e+01 7.628980e+01
138   7.612357e+01 7.680168e+01 7.605737e+01
139   7.589555e+01 7.656019e+01 7.583085e+01
140   7.567331e+01 7.632474e+01 7.561008e+01
141   7.545671e+01 7.609518e+01 7.539491e+01
142   7.524559e+01 7.587135e+01 7.518520e+01
143   7.503982e+01 7.565312e+01 7.498082e+01
144   7.483927e+01 7.544034e+01 7.478163e+01
145   7.464380e+01 7.523289e+01 7.458749e+01
146   7.445329e+01 7.503063e+01 7.439828e+01
147   7.426761e+01 7.483342e+01 7.421388e+01
148   7.408663e+01 7.464116e+01 7.403416e+01
149   7.391024e+01 7.445370e+01 7.385899e+01
150   7.373833e+01 7.427094e+01 7.368828e+01
151   7.357077e+01 7.409275e+01 7.352190e+01
152   7.340746e+01 7.391902e+01 7.335974e+01
153   7.324829e+01 7.374964e+01 7.320170e+01
154   7.309316e+01 7.358451e+01 7.304767e+01
155   7.294196e+01 7.342351e+01 7.289755e+01
156   7.279459e+01 7.326654e+01 7.275124e+01
157   7.265096e+01 7.311350e+01 7.260864e+01
158   7.251097e+01 7.296430e+01 7.246967e+01
159   7.237454e+01 7.281884e+01 7.233422e+01
160   7.224156e+01 7.267702e+01 7.220221e+01
161   7.211195e+01 7.253875e+01 7.207355e+01
162   7.198563e+01 7.240395e+01 7.194815e+01
163   7.186252e+01 7.227252e+01 7.182594e+01
164   7.174252e+01 7.214439e+01 7.170683e+01
165   7.162557e+01 7.201947e+01 7.159074e+01
166   7.151158e+01 7.189768e+01 7.147760e+01
167   7.140049e+01 7.177894e+01 7.136733e+01
168   7.129221e+01 7.166318e+01 7.125986e+01
169   7.118668e+01 7.155032e+01 7.115512e+01
170   7.108383e+01 7.144028e+01 7.105303e+01
171   7.098358e+01 7.133301e+01 7.095353e+01
172   7.088587e+01 7.122842e+01 7.085656e+01
173   7.079065e+01 7.112645e+01 7.076205e+01
174   7.069784e+01 7.102704e+01 7.066994e+01
175   7.060738e+01 7.093012e+01 7.058017e+01
176   7.051921e+01 7.083562e+01 7.049267e+01
177   7.043329e+01 7.074350e+01 7.040740e+01
