5     -0.000000 0.022000 -0.068000 22.040000 -10.052000 2.032000 7.980000 -9.040000 20.048000 0.042000 0.008000 
10    -0.000000 0.033000 -0.089000 22.042000 -10.063000 2.027000 7.963000 -9.026000 20.035000 0.053000 -0.007000 
15    0.001333 0.022000 -0.088000 22.042667 -10.080667 2.036667 7.962667 -9.028000 20.032000 0.034000 -0.012000 
20    0.000500 0.032000 -0.078000 22.056500 -10.085000 2.035500 7.953500 -9.021000 20.023500 0.054500 0.003000 
25    -0.000400 0.034400 -0.117600 22.048000 -10.037600 2.038400 7.982800 -8.999200 20.030400 0.004400 -0.012400 
30    0.000667 0.025000 -0.114667 22.031000 -10.067333 2.027333 7.983333 -9.021667 20.033333 -0.018667 0.001667 
35    -0.000000 0.030000 -0.114857 22.049714 -10.053143 2.013429 7.954000 -9.047429 20.038857 0.017429 0.012571 
40    -0.000000 0.005500 -0.080500 22.055500 -10.062750 2.038750 7.989250 -9.002000 20.016500 0.051250 0.009500 
45    0.000222 0.052222 -0.107556 22.021111 -10.020667 2.032889 7.980000 -9.008222 20.013111 -0.007778 0.009556 
50    -0.000000 0.067600 -0.192200 22.005000 -10.043600 2.023800 8.047400 -9.027000 19.963400 -0.037600 -0.045200 
