
 10   :  0.000000  -206.174459  497.222970  273.306582  -33.018030  -124.809819  -186.769237  130.092938  452.252549  143.610015  152.438749

 10   :  0.000000  -206.174459  497.222970  273.306582  -33.018030  -124.809819  -186.769237  130.092938  452.252549  143.610015  152.438749

 20   :  8.497384  -163.031494  438.586856  252.855647  -14.065861  -90.489029  -182.240983  133.181980  397.521237  148.899799  152.283810

 30   :  15.476378  -133.994767  395.129454  234.943021  -2.546844  -67.829476  -174.713380  133.278221  358.742947  147.650908  152.131859

 40   :  -0.192955  -93.737152  365.919114  203.098405  -2.089175  -65.073241  -162.426197  128.897478  329.960716  144.826385  151.343654

 50   :  22.552330  -97.456242  336.234532  207.578811  8.388421  -39.598386  -160.341201  129.993845  307.191516  141.163337  151.875366
