
 5    :  0.000000  0.000000  19.925937  -8.324590  0.633810  6.414772  -7.416048  18.039461  0.000000  0.000000  0.008130

 10   :  0.000000  0.000000  19.747058  -8.236394  0.620160  6.374125  -7.349720  17.875903  0.000000  0.000000  0.005687

 15   :  0.000000  0.000000  19.577383  -8.150479  0.633452  6.332059  -7.295882  17.709362  0.000000  0.000000  0.005820

 20   :  0.000000  0.000000  19.405033  -8.010529  0.635905  6.273408  -7.229983  17.518463  0.000000  0.000000  0.005639

 25   :  0.000000  0.000000  19.203263  -7.975715  0.628982  6.248713  -7.168486  17.371181  0.000000  0.000000  0.006130

 30   :  0.000000  0.000000  19.055441  -7.899493  0.630219  6.198928  -7.105964  17.243836  0.000000  0.000000  0.006296

 35   :  0.000000  0.000000  18.825017  -7.808905  0.627766  6.143365  -7.031125  17.032897  0.000000  0.000000  0.006461

 40   :  0.000000  0.000000  18.602912  -7.651363  0.625286  6.077970  -6.951486  16.796936  0.000000  0.000000  0.006211

 45   :  0.000000  0.000000  18.400332  -7.561564  0.625714  6.010051  -6.875391  16.609702  0.000000  0.000000  0.006247

 50   :  0.000000  0.000000  18.206816  -7.548811  0.614529  5.990867  -6.820956  16.490862  0.000000  0.000000  0.006960

 10   :  0.000000  0.000000  19.747058  -8.236394  0.620160  6.374125  -7.349720  17.875903  0.000000  0.000000  0.005687

 10   :  0.000000  0.000000  19.747058  -8.236394  0.620160  6.374125  -7.349720  17.875903  0.000000  0.000000  0.005687

 10   :  0.000000  0.000000  19.747058  -8.236394  0.620160  6.374125  -7.349720  17.875903  0.000000  0.000000  0.005687

 10   :  0.000000  0.000000  19.747058  -8.236394  0.620160  6.374125  -7.349720  17.875903  0.000000  0.000000  0.005687

 10   :  0.000000  0.000000  19.747058  -8.236394  0.620160  6.374125  -7.349720  17.875903  0.000000  0.000000  0.005687

 10   :  0.000000  0.000000  19.747058  -8.236394  0.620160  6.374125  -7.349720  17.875903  0.000000  0.000000  0.005687

 10   :  0.000000  0.000000  19.747058  -8.236394  0.620160  6.374125  -7.349720  17.875903  0.000000  0.000000  0.005687

 10   :  0.000000  0.000000  19.747058  -8.236394  0.620160  6.374125  -7.349720  17.875903  0.000000  0.000000  0.005687

 10   :  0.000000  0.000000  19.747058  -8.236394  0.620160  6.374125  -7.349720  17.875903  0.000000  0.000000  0.005687

 10   :  0.000000  0.000000  19.747058  -8.236394  0.620160  6.374125  -7.349720  17.875903  0.000000  0.000000  0.005687

 10   :  0.000000  0.000000  19.747058  -8.236394  0.620160  6.374125  -7.349720  17.875903  0.000000  0.000000  0.005687

 10   :  0.000000  0.000000  19.747058  -8.236394  0.620160  6.374125  -7.349720  17.875903  0.000000  0.000000  0.005687

 10   :  0.000000  0.000000  19.747058  -8.236394  0.620160  6.374125  -7.349720  17.875903  0.000000  0.000000  0.005687

 10   :  0.000000  0.000000  19.747058  -8.236394  0.620160  6.374125  -7.349720  17.875903  0.000000  0.000000  0.005687

 10   :  0.000000  0.000000  19.747058  -8.236394  0.620160  6.374125  -7.349720  17.875903  0.000000  0.000000  0.005687

 10   :  0.000000  0.000000  19.747058  -8.236394  0.620160  6.374125  -7.349720  17.875903  0.000000  0.000000  0.005687

 10   :  0.000000  0.000000  19.747058  -8.236394  0.620160  6.374125  -7.349720  17.875903  0.000000  0.000000  0.005687

 10   :  0.000000  0.000000  19.747058  -8.236394  0.620160  6.374125  -7.349720  17.875903  0.000000  0.000000  0.005687

 10   :  0.000000  0.000000  19.747058  -8.236394  0.620160  6.374125  -7.349720  17.875903  0.000000  0.000000  0.005687

 10   :  0.000000  0.000000  19.747058  -8.236394  0.620160  6.374125  -7.349720  17.875903  0.000000  0.000000  0.005687

 10   :  0.000000  0.000000  19.747058  -8.236394  0.620160  6.374125  -7.349720  17.875903  0.000000  0.000000  0.005687

 10   :  0.000000  0.000000  19.747058  -8.236394  0.620160  6.374125  -7.349720  17.875903  0.000000  0.000000  0.005687

 10   :  0.000000  0.000000  19.747058  -8.236394  0.620160  6.374125  -7.349720  17.875903  0.000000  0.000000  0.005687

 10   :  0.000000  0.000000  19.747058  -8.236394  0.620160  6.374125  -7.349720  17.875903  0.000000  0.000000  0.005687

 10   :  0.000000  0.000000  19.747058  -8.236394  0.620160  6.374125  -7.349720  17.875903  0.000000  0.000000  0.005687

 10   :  0.000000  0.000000  19.747058  -8.236394  0.620160  6.374125  -7.349720  17.875903  0.000000  0.000000  0.005687

 10   :  0.000000  0.000000  19.747058  -8.236394  0.620160  6.374125  -7.349720  17.875903  0.000000  0.000000  0.005687

 10   :  0.000000  0.000000  19.747058  -8.236394  0.620160  6.374125  -7.349720  17.875903  0.000000  0.000000  0.005687

 10   :  0.000000  0.000000  19.747058  -8.236394  0.620160  6.374125  -7.349720  17.875903  0.000000  0.000000  0.005687

 10   :  0.000000  0.000000  19.747058  -8.236394  0.620160  6.374125  -7.349720  17.875903  0.000000  0.000000  0.005687

 10   :  0.000000  0.000000  19.747058  -8.236394  0.620160  6.374125  -7.349720  17.875903  0.000000  0.000000  0.005687

 10   :  0.000000  0.000000  19.747058  -8.236394  0.620160  6.374125  -7.349720  17.875903  0.000000  0.000000  0.005687

 10   :  0.000000  0.000000  19.747058  -8.236394  0.620160  6.374125  -7.349720  17.875903  0.000000  0.000000  0.005687

 10   :  0.000000  0.000000  19.747058  -8.236394  0.620160  6.374125  -7.349720  17.875903  0.000000  0.000000  0.005687

 10   :  0.000000  0.000000  19.747058  -8.236394  0.620160  6.374125  -7.349720  17.875903  0.000000  0.000000  0.005687

 10   :  0.000000  0.000000  19.747058  -8.236394  0.620160  6.374125  -7.349720  17.875903  0.000000  0.000000  0.005687

 10   :  0.000000  0.000000  19.747058  -8.236394  0.620160  6.374125  -7.349720  17.875903  0.000000  0.000000  0.005687

 10   :  0.000000  0.000000  19.747058  -8.236394  0.620160  6.374125  -7.349720  17.875903  0.000000  0.000000  0.005687

 10   :  0.000000  0.000000  19.747058  -8.236394  0.620160  6.374125  -7.349720  17.875903  0.000000  0.000000  0.005687

 10   :  0.000000  0.000000  19.747058  -8.236394  0.620160  6.374125  -7.349720  17.875903  0.000000  0.000000  0.005687

 10   :  0.000000  0.000000  19.747058  -8.236394  0.620160  6.374125  -7.349720  17.875903  0.000000  0.000000  0.005687

 10   :  0.000000  0.000000  19.747058  -8.236394  0.620160  6.374125  -7.349720  17.875903  0.000000  0.000000  0.005687

 10   :  0.000000  0.000000  19.747058  -8.236394  0.620160  6.374125  -7.349720  17.875903  0.000000  0.000000  0.005687

 10   :  0.000000  0.000000  19.747058  -8.236394  0.620160  6.374125  -7.349720  17.875903  0.000000  0.000000  0.005687

 10   :  0.000000  0.000000  19.747058  -8.236394  0.620160  6.374125  -7.349720  17.875903  0.000000  0.000000  0.005687

 10   :  0.000000  0.000000  19.747058  -8.236394  0.620160  6.374125  -7.349720  17.875903  0.000000  0.000000  0.005687

 10   :  0.000000  0.000000  4.477657  -1.894962  0.225305  1.640896  -1.782454  4.110221  0.000000  0.000000  0.018936

 10   :  0.000000  0.000000  17.416523  -7.259789  0.560684  5.776696  -6.552660  15.820739  0.000000  0.000000  0.007581

 10   :  0.000000  0.000000  9.911852  -4.140067  0.367035  3.473432  -3.829011  9.066643  0.000000  0.000000  0.014081

 10   :  0.000000  0.000000  17.416523  -7.259789  0.560684  5.776696  -6.552660  15.820739  0.000000  0.000000  0.007581

 10   :  0.000000  0.000000  17.416523  -7.259789  0.560684  5.776696  -6.552660  15.820739  0.000000  0.000000  0.007581

 10   :  0.000000  0.000000  19.747058  -8.236394  0.620160  6.374125  -7.349720  17.875903  0.000000  0.000000  0.005687

 10   :  0.000000  0.000000  19.747058  -8.236394  0.620160  6.374125  -7.349720  17.875903  0.000000  0.000000  0.005687
