5     0.012434 0.981950 0.981776 0.013589 0.982906 0.981539
10    0.013744 0.980049 0.979857 0.015054 0.981063 0.979595
15    0.015047 0.978158 0.977948 0.016554 0.979175 0.977661
20    0.016733 0.975711 0.975477 0.018450 0.976789 0.975158
25    0.018144 0.973662 0.973409 0.020118 0.974692 0.973062
30    0.019531 0.971649 0.971376 0.021707 0.972693 0.971003
35    0.021677 0.968533 0.968230 0.024192 0.969567 0.967816
40    0.024256 0.964790 0.964451 0.027111 0.965895 0.963988
45    0.026499 0.961533 0.961163 0.029694 0.962645 0.960657
50    0.028115 0.959188 0.958795 0.031627 0.960214 0.958258
